4.19538
4.26725
4.09834
3.82391
4.25089
4.10158
4.25638
4.21151
3.76702
3.60088
4.01185
3.99303
4.11185
4.05974
4.34213
3.97728
3.83742
4.1005
3.89447
3.96324
3.97416
4.37604
4.1745
3.88782
4.10661
3.97823
4.25223
3.9129
4.27066
4.27067
4.08727
3.95853
4.0085
4.00449
4.13312
3.89432
3.89293
4.29977
4.59668
4.07534
3.92883
3.78286
3.95821
4.12763
3.9191
4.31901
4.19269
4.07463
4.35149
4.21672
3.94479
4.09927
4.40643
4.05166
3.94007
4.34799
3.87117
4.35152
3.72801
4.51478
3.93554
4.14181
4.19331
3.76257
3.62399
4.07778
4.17228
3.93766
4.14581
4.27393
4.19131
4.06509
4.20377
3.96117
4.18323
4.08985
4.06211
4.20679
3.74192
4.14483
4.24462
4.01359
4.59101
4.24255
4.25186
4.04785
4.14638
4.1821
4.27031
4.12918
4.16664
4.28397
4.06629
4.15525
3.78533
3.84222
3.77435
4.04875
3.80062
4.09364
3.99806
4.12203
3.81365
4.01194
3.96329
4.41271
4.2082
3.53315
4.41491
3.92741
4.06195
4.0761
4.27266
4.21595
3.87353
3.80359
4.56979
4.18746
4.3016
3.95248
4.22616
4.20549
3.90743
4.37047
3.74617
3.89144
4.38709
3.72383
4.27367
4.30585
4.07886
4.09243
4.28562
4.43987
4.1063
4.01227
4.09438
3.94655
4.4469
4.12669
4.11633
4.06901
3.78747
4.25812
3.83012
4.27016
4.17887
3.9894
4.28239
3.77402
4.0309
4.18666
3.54639
4.46655
4.03997
4.10788
3.64321
3.7349
3.78567
4.03942
4.16653
4.40802
3.80264
4.21397
4.101
4.12656
4.29307
4.17476
4.01547
3.92823
4.64412
4.12808
4.1613
4.37111
4.26696
3.97276
4.26369
4.18659
3.56744
4.25102
4.48642
4.13861
4.09772
4.45657
3.98704
3.97257
4.00546
3.95982
3.98729
3.80494
4.39784
4.33493
3.78519
4.27139
3.89344
3.8592
3.89888
4.26108
4.19615
4.26906
4.13401
4.61839
4.79524
4.06358
4.12759
4.25613
3.917
4.33407
4.29942
4.14293
4.13608
4.09618
4.19701
4.0649
4.20013
4.65928
4.29903
4.30348
4.30024
4.35384
4.51465
4.05235
4.0988
4.03191
4.32022
4.54127
3.90173
3.87383
4.18399
4.33835
4.33937
3.88333
4.18041
4.72012
4.05239
3.85113
4.22066
4.45472
3.8418
4.28673
4.18529
4.05282
4.30815
4.57711
4.3206
4.29284
4.00073
4.5062
4.22536
3.95197
4.61525
4.04173
4.26429
4.16164
3.54265
4.11241
4.44711
4.24626
4.40736
3.98289
4.50733
4.14437
3.96031
4.2362
4.54575
4.14471
4.07085
4.48024
4.41673
4.62386
4.24615
4.14534
4.45348
4.13378
3.99673
4.04644
4.04534
4.55436
4.39329
4.20541
4.56512
3.8822
4.33281
4.50979
4.19028
4.26416
4.2966
4.10897
4.40526
4.15052
4.88895
3.99092
4.2161
4.16786
3.76782
3.98004
3.94555
4.25216
4.36994
4.03901
4.0193
4.13407
4.10082
4.235
3.71986
4.25039
4.31174
4.38213
3.52609
3.87879
3.95605
3.9073
4.47453
4.2667
4.14011
4.46093
4.29206
3.83227
4.22181
4.04776
4.6043
3.94306
3.97626
3.84134
3.7563
4.35426
4.26049
3.61883
4.3535
4.64347
4.40565
4.22295
4.27348
4.10198
3.88939
3.96441
4.13135
4.45265
4.32295
4.27363
4.21316
4.29076
4.10283
4.15707
4.10684
3.73021
4.00593
4.22177
4.31576
4.09046
4.11707
4.01196
3.75063
3.97356
4.32848
3.81599
4.41657
3.91127
4.37321
4.24193
4.14784
4.22956
4.04145
4.53235
4.2762
4.0222
4.09804
3.87612
4.31618
4.2023
4.1215
3.9481
4.01341
4.55345
3.78058
4.19404
4.26797
3.57083
4.20985
4.31312
4.71337
4.46887
4.16069
3.81711
3.9483
4.02827
4.10835
3.315
4.18969
4.11523
4.00144
4.0314
4.16828
4.12324
4.17716
3.9497
4.00902
3.97174
3.87606
3.64708
4.00363
3.62452
3.89462
3.76905
3.83468
3.86928
4.05992
3.7475
3.6458
3.7563
3.89835
4.34659
3.97144
3.76135
3.8288
3.94145
4.04902
3.90079
3.67983
3.80664
3.45359
4.06754
3.59849
3.67605
4.18249
3.72502
3.62602
3.6506
3.95136
4.23216
3.55226
3.74153
3.92021
4.113
3.87535
4.00691
4.08265
4.056
4.06456
3.81737
3.9796
4.0887
3.81747
4.33597
3.9943
3.8291
3.63148
3.42804
4.11092
3.99994
3.59535
3.67891
3.74795
3.34866
3.26461
3.75868
3.56609
4.01511
3.51823
3.93056
4.21798
4.08709
3.74936
3.55369
3.52908
3.84834
3.37981
3.79953
3.887
3.91516
3.86727
4.09175
3.32497
4.00581
4.01768
3.81677
4.09798
4.15605
4.09267
3.75998
3.30296
4.06772
3.76217
3.67277
3.59272
4.066
4.02858
4.19713
4.03232
3.77115
3.88551
3.58854
3.76933
4.01763
3.98069
3.76889
3.58585
3.56557
3.70861
4.11715
4.33984
4.44241
3.80222
4.10214
4.12168
3.70006
4.11198
4.11405
3.70293
4.01469
4.1853
3.96065
3.82259
4.14201
4.1455
4.01538
3.52594
3.82567
3.9748
3.66044
4.03129
4.05215
3.83588
4.20845
3.81155
4.0732
4.07281
3.85274
3.94439
3.65368
4.1164
3.91882
3.78438
4.07836
3.60742
4.01875
3.90127
3.97401
3.80801
3.81139
3.75985
3.98688
4.43117
4.3856
3.80162
3.75976
4.0049
3.7908
3.99536
3.89155
4.11442
4.0587
4.04028
4.08814
3.81154
3.99947
3.78933
4.1258
3.91705
3.73729
3.39875
3.86347
4.27363
3.57536
3.83447
4.23199
4.00167
3.8117
4.37059
4.28888
3.70936
3.98069
4.28772
3.9429
4.15454
4.07068
3.54712
3.88707
3.77277
4.42956
4.02577
3.68596
4.0614
4.4204
4.23943
4.22694
4.08746
3.9268
4.24857
3.94249
4.11049
4.1559
4.35205
4.38327
4.07983
4.60543
4.12086
4.61539
4.1442
4.42395
3.82723
3.80458
4.13077
4.286
4.12023
3.94051
3.98369
4.50332
4.33538
3.9015
4.23629
4.60991
4.2278
4.14197
4.25052
4.23818
4.04468
4.48151
3.78619
4.21666
4.53939
4.12092
3.78572
3.86055
3.97938
4.04935
4.37616
3.8777
4.21235
4.16165
4.28974
4.17985
4.30629
3.89819
3.89035
4.3135
4.1722
3.67594
4.15803
4.36671
4.08446
4.20327
4.16747
3.97896
4.15489
4.49522
4.35083
3.7937
4.6947
4.44777
4.23213
4.16256
4.1412
3.91756
3.95161
4.01906
4.07361
4.29631
4.39736
4.32429
4.14322
3.97789
4.1302
3.64682
4.10938
4.29914
4.19117
4.02497
4.35621
3.64969
4.03466
3.94959
3.97634
4.15144
3.89157
4.03582
4.16038
3.79523
4.33478
4.17669
4.004
4.31174
4.19694
4.19909
4.40921
4.35237
4.27829
4.31409
4.12691
4.08486
4.11956
4.19
4.47818
4.21038
4.44799
4.66722
4.32151
4.0082
4.12475
4.29404
4.36131
4.10531
4.06442
4.21257
4.4912
4.02655
3.97273
4.3673
3.99744
4.17042
4.20614
4.33621
4.45489
4.12562
4.3218
4.21106
4.418
4.17449
4.4526
4.25852
4.58583
4.02441
4.08345
4.02776
4.29372
3.93984
3.91917
4.23431
4.02218
3.96838
4.07311
4.48892
4.14545
4.47693
4.07595
4.26436
4.32326
4.49037
4.2992
4.29343
4.49073
4.25499
4.43553
3.86546
4.46018
4.03883
4.67058
4.45604
4.14976
4.13785
4.29724
4.04003
3.96037
4.44586
4.26591
4.10368
4.33932
4.32792
4.31104
3.88185
4.14158
4.14594
3.94756
3.78349
3.73814
4.10907
4.03746
4.28786
4.10631
4.05348
4.00698
4.09345
4.17521
4.19265
4.09622
4.76332
4.32651
4.35145
4.49907
3.8097
4.25999
4.32019
4.29593
4.30173
3.95246
4.26322
4.56547
4.25615
4.18136
4.10227
4.3464
4.30426
4.38081
4.20649
4.69601
4.54592
4.27662
4.293
4.33854
4.14094
4.16427
4.68026
3.86093
4.21379
4.06415
4.34254
4.61492
4.49473
4.02659
4.48305
4.13037
4.8894
4.15645
4.42743
4.27441
4.25409
3.86646
4.13336
4.41383
4.05488
3.85285
4.26758
4.30574
4.23001
4.27457
4.24444
4.6414
3.93174
4.47345
4.27949
3.94051
4.57593
4.23665
4.46358
3.92028
4.2658
4.25741
4.18271
4.17238
3.91103
4.03743
3.97099
4.0731
3.69193
3.9735
4.03823
4.11335
4.08679
4.56631
3.86595
4.18263
4.13493
4.23017
4.102
4.02944
4.1766
3.96223
3.95015
4.16767
3.80707
4.01349
3.94284
3.98915
4.05995
3.87207
4.13545
4.06429
4.09758
4.34052
3.85712
4.40287
4.08603
4.0908
4.08271
3.71929
4.18875
4.36838
3.84956
3.59014
3.91333
4.4579
3.97372
4.29441
4.22169
4.47207
4.3744
4.21934
4.01228
4.02516
3.70698
4.30431
3.98316
4.03322
4.50289
3.81597
4.29171
3.99728
4.23113
4.33989
4.42279
3.98212
4.63226
3.9225
4.05705
4.36441
4.11174
3.7951
4.08938
4.41964
3.94506
3.27771
4.42035
3.75718
3.61816
4.01933
4.07087
4.26881
3.82554
4.07787
4.4629
4.12601
4.04298
4.08712
4.06003
4.13539
4.24579
4.01015
4.01857
4.01367
3.94073
3.94493
4.08035
3.87519
3.9319
4.1281
3.92818
3.85176
4.11432
4.06817
3.75776
4.01836
4.06632
3.74836
4.17357
3.85065
4.09842
3.65699
3.83399
4.13846
4.0153
3.73322
3.99739
3.9661
3.9207
4.34566
3.78268
3.92709
3.71968
3.80778
3.93075
3.76513
3.7014
3.85179
4.07068
3.91365
3.98602
4.05329
4.09225
3.89442
4.02428
3.81012
3.93977
3.74691
4.23329
3.88398
4.0465
3.83585
4.2592
3.88332
3.59562
4.1289
4.02156
3.86446
3.97528
3.80834
4.19044
4.03977
3.79558
4.27961
3.99635
4.27765
3.64191
4.25349
4.04166
4.23842
4.0471
4.3487
4.27686
4.24655
4.06581
4.10389
4.16257
4.04574
4.27131
4.31313
3.86238
4.05521
4.58024
4.06694
4.21635
4.18911
4.05379
4.43769
4.00575
4.23372
4.09789
3.97635
4.48274
4.40436
4.06539
4.16287
4.22613
4.37385
3.85611
4.26107
3.7323
4.03082
4.22772
4.27992
3.99742
4.33932
3.87049
3.71597
3.59458
3.61049
3.93386
3.98817
4.00601
3.85722
4.21606
4.08132
3.76845
4.62801
4.39018
4.43455
3.6662
3.89346
4.19468
4.05641
4.27693
4.26691
4.02224
4.49525
4.21773
4.11175
3.92994
3.77599
4.41883
3.73223
3.90752
3.95336
4.39654
4.09848
3.98877
4.18345
4.44673
4.07093
4.15911
4.04892
4.3484
4.12584
3.87585
4.22508
3.99078
4.3941
4.3101
4.4497
4.19777
4.33362
4.30844
3.79698
4.23867
4.45819
3.89318
3.78569
4.02018
3.7523
4.10556
4.28788
3.9372
4.10706
4.14141
4.28294
4.33443
4.41079
4.23508
3.96693
4.16055
4.31968
3.98566
4.34029
3.92991
3.72558
4.20023
3.57599
4.20118
4.04032
4.02952
4.13901
3.96913
4.04714
4.07606
3.87897
4.49926
4.36636
3.8835
3.76981
3.95966
3.80989
4.06492
4.12645
3.59343
3.88251
4.00313
4.0749
3.4139
3.69586
3.94225
3.69982
3.98551
3.90159
4.32121
3.58115
3.87144
3.9205
3.99112
4.07035
3.83323
4.03224
4.17232
4.05127
3.77998
3.72398
4.18798
3.96082
3.97657
4.00646
3.8943
4.2623
3.84913
3.65619
4.30515
3.82988
3.56128
3.81559
4.0918
3.83795
4.21079
4.01256
3.90799
4.16343
3.79969
3.63657
4.0287
3.80111
3.98601
3.55457
4.40377
3.6639
3.73665
3.98708
4.06199
4.16393
4.01101
3.64561
4.24435
4.09622
3.7802
3.97158
4.39443
4.21666
3.66444
4.55679
4.18348
3.93261
4.43508
4.16504
4.36539
3.87167
3.60673
4.0058
4.30145
4.14981
4.25681
3.43765
4.32061
3.83365
3.97132
4.00327
3.76834
3.90219
3.6714
4.09691
3.96399
4.37149
4.35268
3.71812
4.12156
3.56872
3.94735
3.82416
3.73631
3.53062
3.89321
3.65083
4.55691
3.67682
4.35365
4.20793
4.17569
4.38053
4.23279
3.79207
3.92809
4.09454
4.05136
4.4252
4.15328
3.76159
4.24273
4.31442
4.24946
4.07082
4.03888
4.20064
3.82499
4.11614
4.07565
3.92049
4.15133
4.37607
3.97091
4.1383
4.43501
4.30715
4.03776
4.12588
4.36963
4.18255
4.25035
4.18022
4.25256
3.42068
4.00641
3.97089
4.2924
3.78862
3.72985
4.02799
4.4078
3.78999
4.10113
4.18394
3.9785
4.0908
3.91855
3.51869
4.43044
4.59046
4.47682
3.88392
4.38463
3.91543
4.41901
3.76012
3.8108
4.1839
3.91796
4.11787
3.82589
3.78986
4.4546
3.97255
3.56656
4.00752
3.90539
4.03544
3.79368
4.3144
3.84007
3.90163
4.18896
3.93026
4.32789
3.8779
4.00054
3.93381
4.12517
4.01479
4.18848
3.72593
4.02666
3.81557
4.27666
3.96767
4.32242
3.93582
3.51115
3.77182
4.10998
4.26778
3.81557
4.09446
3.59045
3.90635
4.2832
4.11294
4.12413
3.86927
4.29137
4.1065
3.98769
4.4489
4.35755
3.67842
3.94482
3.84158
4.02807
4.28608
3.97857
3.76718
4.34318
4.02232
3.99894
4.20342
4.08925
4.25477
4.20632
4.37864
4.05452
3.85024
3.84731
3.76968
3.7048
4.28296
3.94684
3.99327
3.94816
3.97834
3.49358
3.78459
3.95821
4.18239
4.39016
3.98166
3.91425
4.09171
3.53636
3.60674
3.68691
3.75964
4.04832
4.06673
3.70641
3.62531
4.11873
4.15236
3.50448
4.02458
4.06697
3.93987
4.01722
3.74082
4.00973
3.78476
3.6618
4.08051
3.59003
4.04398
3.81228
4.29742
4.29118
3.89687
4.11354
4.06289
4.21039
4.13069
4.23205
4.06964
4.59309
3.72773
3.86756
4.32192
3.91563
4.18304
4.4369
4.29915
3.44367
3.8539
4.19013
4.34578
4.25221
3.87326
4.12909
3.85713
4.2718
4.15369
4.03838
3.68116
4.35034
4.07213
4.04182
4.38524
3.98565
4.47914
4.29094
4.37164
4.29911
4.12867
4.40488
4.52186
4.02306
4.00676
4.33661
4.04474
3.81643
4.18573
4.13416
4.49272
3.71158
3.81712
3.92085
4.13155
4.39253
4.20312
3.95261
4.21801
4.27247
3.99121
4.24114
4.4082
4.03646
4.44006
3.76333
3.80216
3.96486
4.11167
4.2782
4.27239
4.22649
4.4626
4.15563
4.0805
4.00393
3.43874
4.00025
4.05649
4.00814
3.83525
3.95797
4.33106
3.94023
3.93085
3.89324
3.77176
3.98225
4.23171
4.30236
4.01917
3.70205
3.34727
3.55559
4.05446
4.05723
4.10178
3.60921
4.20815
3.56447
4.11248
3.71281
3.60045
4.36744
4.07393
4.16527
3.92272
4.11322
4.05897
3.79724
3.84833
4.0109
3.92327
3.86732
4.05494
3.96758
3.65756
4.02625
3.99606
3.6808
4.26464
4.18002
3.85992
4.20797
3.95101
4.13667
3.35263
4.11317
3.64936
4.23722
3.92465
4.00738
4.16727
3.76486
3.95269
4.19394
4.10294
3.75157
3.80466
3.81364
4.37831
3.93365
4.18984
4.20243
3.68483
4.09594
4.1154
4.20927
3.69029
3.805
3.93816
4.03223
4.21528
3.7404
3.96952
3.79882
3.79854
3.84314
4.24572
3.96088
4.05177
4.03542
4.24604
3.57167
4.31697
4.06727
3.43441
3.94839
3.65674
3.86629
3.63475
4.2561
4.13765
3.98173
4.18175
3.90706
4.08237
4.11836
3.80138
3.90504
4.02785
3.83933
4.37065
3.8396
3.70455
4.02058
4.12725
4.33997
3.781
4.21599
4.29229
3.59832
4.12689
3.91745
4.09561
4.48871
4.35082
3.97287
3.79652
4.45763
4.21328
3.99638
4.32462
3.91755
3.55803
4.17255
3.89848
4.18646
3.97919
4.21953
4.01572
3.67493
3.64646
3.44118
4.31664
4.02212
3.72312
3.79869
4.07179
3.79128
4.04309
3.80679
4.20618
3.79082
4.30016
4.10951
3.97025
4.13218
4.23241
4.39306
3.7115
3.93018
3.72392
3.95006
3.93483
3.99739
3.81564
4.46093
3.78514
3.84574
4.06957
3.72447
3.76761
4.15889
4.23811
4.22137
4.04907
4.22047
3.86124
4.04821
3.74264
3.80487
3.86276
4.20003
4.21525
3.86826
3.92946
4.33609
4.16851
3.71554
3.90846
3.97209
4.49644
4.22338
3.77953
3.87759
4.02919
4.02224
4.29363
3.56234
4.32027
4.09818
3.7327
4.02623
4.08401
3.92156
4.00057
4.46778
4.15744
4.23442
4.1721
4.1086
4.09221
3.86053
4.25542
3.99904
3.94221
4.01995
4.1267
3.78387
3.81863
4.17467
3.77517
3.63248
3.95363
4.33835
4.13369
3.70352
3.84459
3.73132
3.57029
3.73142
3.99386
4.18152
3.80591
4.23913
4.21392
4.07561
4.23328
3.66335
4.52771
3.77926
4.04612
3.75461
3.91354
4.01879
3.93403
3.90825
4.36397
3.61099
4.03112
4.3949
4.41517
4.24883
3.90547
4.0567
3.58428
3.87538
4.03477
3.84127
4.02172
3.84882
4.28246
4.12968
4.50153
4.5341
3.73344
4.43482
3.98334
3.86058
4.30513
3.60905
4.47912
4.12347
3.8884
4.36642
3.76436
4.11695
4.04501
3.83901
4.18484
4.44934
3.874
3.66509
4.12323
3.87495
3.79004
4.34035
3.74572
4.07762
4.45679
3.92597
4.19488
3.7947
4.26676
4.09024
4.25552
4.19186
4.05761
3.988
4.13204
4.15036
3.89312
3.93811
3.98271
4.49222
4.14394
3.57488
4.14857
4.06658
3.7269
3.8786
4.04315
4.17813
3.74427
4.07253
4.20298
4.30878
4.24708
3.93408
4.49536
3.87221
3.81358
4.12254
3.94104
4.1453
4.12006
3.42617
4.16893
3.77476
3.91153
4.12415
4.05638
4.21218
3.93121
3.97472
3.96307
3.9699
4.29602
3.92309
3.72711
4.02326
4.32053
4.19099
4.25901
4.15224
4.46943
4.34369
4.19567
4.00471
4.03494
4.57393
4.34964
4.39857
3.35275
4.2187
4.01668
4.26128
4.22603
4.17149
4.54666
4.35888
4.31642
4.13832
4.36152
3.97529
4.23623
4.36548
3.90389
4.11933
4.05718
4.10865
4.58238
4.26178
4.19206
4.28931
3.98804
4.52069
3.72379
4.54447
4.24289
4.20329
4.16368
4.09837
4.44968
4.60818
3.83608
4.27302
4.12005
3.77488
3.76011
4.00695
3.96725
3.97181
4.30925
4.32483
4.347
4.20842
3.89946
4.23337
3.71714
4.44078
3.87056
4.33488
3.9319
4.35797
4.09773
4.31898
3.73567
4.49663
4.77363
4.14293
4.30586
4.31255
3.85193
4.25168
4.20778
4.47072
4.07969
4.15788
4.11369
4.39875
4.2157
4.12864
4.04873
4.30988
4.0888
4.01449
4.39462
4.16518
4.3438
3.62259
3.70484
3.92796
4.35527
3.69894
4.07341
4.17204
4.34413
4.0077
4.19027
4.31292
4.27262
3.73035
4.18915
4.3705
4.15054
3.94363
4.14683
4.18143
4.23454
4.21093
3.95794
4.40668
4.09863
4.42414
3.59033
3.89981
4.43101
4.29395
3.97867
3.99939
4.21016
4.44278
4.04616
4.31324
4.30569
4.51356
4.23409
3.98485
4.42893
3.98174
4.4244
4.1122
3.88302
4.21844
4.31488
4.4948
4.10317
4.23619
4.53847
4.24115
4.32842
4.22353
3.93452
4.21007
4.1194
4.06735
4.14095
4.08508
4.268
4.24297
4.08053
3.90774
4.05054
4.29551
3.92579
4.21092
4.22157
3.95461
3.8772
4.5198
4.44066
3.96883
3.94408
4.36982
4.15833
4.50246
4.03131
3.89968
4.03552
4.28649
4.37164
4.15952
4.23136
4.51978
4.17728
4.0032
4.05727
4.51497
3.95063
4.18488
4.21692
3.71507
4.7034
4.29894
4.17507
4.64656
4.6399
4.14819
4.37114
4.1761
4.86787
4.22175
4.21773
4.75716
4.2315
4.05954
4.06157
4.41962
4.04889
3.83831
4.0331
4.20878
4.02669
4.0609
4.11919
4.13809
4.02658
4.4645
4.17021
4.43696
4.44142
4.03138
3.98193
3.94984
4.07428
3.67922
4.28913
4.29253
4.25463
4.18943
4.43769
3.99128
4.21416
3.82745
4.18647
4.20909
4.22476
4.22928
3.79753
4.24234
4.11543
4.14998
3.92633
3.95592
4.14266
4.09696
4.4264
4.21682
4.24564
4.1265
4.02096
4.29549
4.06718
3.80297
4.1537
3.90277
3.84536
3.8507
3.85882
4.44515
3.74995
3.94682
4.05771
4.27546
4.16344
3.82541
4.36389
4.12472
4.023
4.59125
4.1393
4.59817
4.34744
3.93367
4.13959
3.80355
4.61289
3.9926
4.35826
3.64723
4.49761
4.29206
4.02838
4.39844
4.08149
3.91448
4.2849
4.02957
3.65045
4.00243
4.18546
4.41293
4.06045
4.16513
4.03932
3.85763
4.15792
3.98314
4.10622
3.89366
3.65184
3.97416
4.20079
4.2442
4.18359
3.96027
4.08621
3.79112
4.23266
4.45436
4.24723
3.98208
4.12768
4.10602
3.89294
4.36868
4.23075
4.35754
4.02844
3.64732
4.04051
4.00237
3.85556
3.99272
3.95177
3.99522
3.8826
4.01839
4.04751
3.87914
4.01063
4.44173
3.84589
4.07863
4.41322
4.17459
4.43547
3.65632
3.99457
3.96715
4.14231
3.28554
3.81921
3.84774
3.79179
3.96728
3.92541
4.02804
3.98386
4.08308
4.50708
4.30652
3.89968
3.93126
4.12536
4.05386
3.709
3.80516
4.2052
3.81637
3.60192
3.99167
4.15667
3.82579
3.99664
3.86536
4.39937
3.89911
3.8549
4.16588
3.94343
4.23427
4.18542
4.35903
4.05428
3.99831
4.18619
3.96214
3.83274
4.11717
4.23785
3.64953
3.85871
4.2368
4.05034
3.98031
4.20861
4.31017
3.85286
3.69718
4.07153
4.21436
3.90076
3.65382
3.71097
4.52513
4.37643
3.92714
4.46865
3.6635
4.05364
3.85447
4.20608
4.15796
3.90569
4.41361
4.08303
4.05426
4.49117
4.13884
4.24604
4.08002
4.06042
4.23019
3.96364
3.97954
4.09804
4.29376
4.0773
4.14412
4.59818
4.08662
4.01
4.44014
4.24434
4.92259
4.2072
4.06637
3.74643
3.66119
4.40538
4.08776
4.4871
4.08962
4.05794
4.39147
4.26579
4.2272
4.27636
4.29148
4.09302
4.14302
4.23957
4.12503
4.4572
4.47571
3.94146
4.13194
4.23343
4.33534
4.37181
4.29756
4.51328
4.21078
3.60591
4.48549
3.87099
4.26211
4.37933
3.81769
4.23045
4.3335
4.67163
4.35101
3.73709
4.53557
3.82157
4.17605
4.06625
4.38044
4.34497
4.2253
4.23486
4.0464
3.8919
3.64359
3.87236
4.69821
4.32078
4.03259
3.9841
4.35203
4.07334
4.42138
4.33123
4.36349
3.90025
4.28502
3.90843
4.40065
3.97963
3.96711
4.32857
4.25459
4.16883
4.5358
4.48524
4.34587
4.23116
4.29873
4.07277
4.42979
4.32149
4.16728
4.19091
4.2128
4.27986
4.28241
3.75277
4.36641
4.10162
4.44298
4.15905
4.5177
4.17784
4.31864
3.91337
4.04732
4.44775
4.24655
4.38258
4.05232
4.29224
4.02442
4.40538
4.10363
3.94416
4.64911
4.26735
4.22992
4.16993
4.50702
4.33371
3.79604
4.62743
4.2654
4.23185
4.04925
3.99129
4.16685
4.14869
4.07138
3.79833
4.14531
4.05618
4.12534
4.24919
3.80517
3.7633
3.85855
4.22763
3.75784
4.14783
4.18353
3.87267
4.14875
4.30913
4.19979
3.80733
4.26078
4.11
4.19562
4.47568
4.15406
4.10202
4.30936
4.24481
3.82971
4.31076
4.06607
4.24042
3.8653
3.69596
4.00735
3.70936
3.49379
4.10271
3.85893
4.36476
3.72579
4.26648
4.01489
3.9326
4.24801
4.19573
4.25009
3.63205
4.52443
4.00659
4.1221
4.60116
4.07592
4.34049
4.19541
3.9846
3.92394
4.38132
4.19007
4.09062
4.0431
4.25404
3.87411
4.13084
4.09333
3.63353
3.88549
3.85594
3.66295
3.91309
3.72884
4.23677
3.80266
4.01511
3.71894
4.12468
3.89677
4.01436
3.65936
3.95574
4.1071
3.82696
4.07549
3.99368
4.0345
4.38588
3.88122
4.10478
3.89452
4.39262
3.94544
4.14967
3.87842
3.50945
4.35746
3.77046
3.93734
3.91595
3.60401
3.89214
4.32562
3.98469
4.15764
3.86905
3.92062
3.90229
3.97491
3.56999
4.01123
3.93577
4.08461
3.95701
4.13903
4.47985
3.91047
3.98611
3.98633
3.86095
3.82198
4.40949
4.13604
3.83603
4.65362
4.02788
4.2837
3.94042
3.83039
3.88408
4.06154
3.81968
3.82362
4.05025
4.22462
3.94959
3.90303
4.16159
3.99782
4.13656
4.02346
4.22905
4.15135
3.72469
4.31247
3.62967
4.43994
3.71233
4.47805
4.2503
4.38339
4.0547
4.0016
4.5907
4.03027
4.3379
4.24073
4.22727
4.14757
4.16986
4.23753
4.00419
4.08419
4.33047
4.05767
4.29793
4.3796
4.13984
4.31448
3.93922
4.3981
3.95459
4.22385
3.85539
4.57728
4.16512
4.37016
3.9253
3.7633
3.94124
4.35554
4.56533
4.31651
3.26163
4.04924
3.9844
3.96209
4.17984
4.10598
4.06237
4.13912
4.11462
4.39475
3.85452
4.23763
3.95198
4.41765
3.67636
3.90185
3.84665
4.04823
3.55161
4.35142
3.83445
4.33221
4.02049
4.12611
4.31722
4.04131
4.43341
4.01581
4.09095
3.87441
3.85462
4.21581
3.75774
3.89296
4.01301
4.00611
4.13122
3.98502
4.01532
4.14034
4.25655
4.0593
4.08762
3.99294
3.86305
4.35134
4.08736
3.9176
4.10698
3.51961
3.91934
3.77839
4.07567
4.00096
3.97786
4.35072
4.01133
4.11478
4.11094
3.89869
4.67843
3.93326
3.92738
3.87856
4.24035
4.32801
3.87936
4.24688
4.42976
4.05959
3.88796
4.05439
4.02657
4.27927
3.8064
4.2403
3.8099
4.23789
3.80901
4.0191
4.04088
4.53776
4.01258
4.2396
4.36631
4.04076
4.22447
4.61494
3.93692
3.88688
4.56015
4.1683
4.06048
3.97229
3.67643
3.70364
3.99606
4.30589
4.12356
4.13891
4.07134
3.80683
4.00289
3.96819
3.82131
4.10069
4.17764
4.34985
4.41926
4.13997
4.12298
4.69181
4.2518
4.21597
4.25143
4.31942
4.06452
4.16451
4.02195
4.27833
4.08483
3.97757
3.92683
4.31975
4.20351
4.25291
4.17255
4.41597
4.36163
4.36125
4.35032
3.9814
4.31945
4.1645
4.06651
4.10285
4.53027
4.03238
4.04511
4.1371
4.02541
4.36115
4.2933
4.53846
4.28952
4.11716
4.14439
4.03671
4.21178
4.08893
4.05812
4.10329
4.22396
4.45852
4.23353
4.08758
4.16322
4.31302
4.20515
4.16991
4.3817
4.64743
4.19691
4.38873
4.33447
4.24978
4.23374
4.32203
3.87998
3.92461
4.18145
4.26038
3.53257
3.79565
3.87144
3.9433
3.75968
4.18747
4.2772
3.75581
3.73481
3.79133
4.11441
3.8922
4.24782
4.04666
3.8686
4.31029
4.07266
4.35833
4.31309
4.04798
4.28836
4.16711
4.0638
4.37646
4.27243
3.92134
4.19166
3.92557
3.97001
3.92831
4.24726
4.02045
4.09955
4.24169
4.02743
3.9481
3.95493
3.85889
4.29211
3.56497
4.2861
4.02729
4.04852
4.03094
3.85475
4.25215
3.95698
3.8713
3.80084
4.15322
4.18837
4.13839
3.99075
4.02114
3.4688
3.68231
4.44618
4.16576
4.50397
4.32603
4.08763
4.01387
4.0888
3.85101
3.77851
3.85946
4.16115
3.69535
4.23933
4.08721
3.79644
3.94051
4.08726
3.84687
4.10836
3.75937
4.10687
3.8223
4.08967
4.0392
3.99996
3.91138
3.68829
3.83921
4.32719
4.08689
4.14369
3.97016
3.8095
4.21687
3.55107
3.93777
4.06857
4.00741
3.78163
3.74577
3.89764
4.15879
3.72487
3.85437
3.62381
3.72656
3.70539
3.52245
4.20182
3.86162
4.06153
3.78411
3.58288
4.10482
4.03263
4.07733
3.66998
4.20581
3.48693
3.83099
3.71822
3.76486
3.75895
4.32351
3.58559
3.80401
4.31765
3.76298
3.79948
4.19903
3.63581
3.94442
4.00126
4.12309
3.7622
4.1746
3.78621
4.28523
3.90046
3.78029
3.7421
4.43411
4.13412
4.14617
4.01061
3.98462
3.86495
4.09068
3.52738
4.20057
3.90398
3.96951
4.53835
4.15964
4.12405
4.08729
4.33711
4.10588
4.0974
4.21406
4.01095
4.21922
4.07102
3.71033
3.77174
4.06665
4.2677
3.83652
3.81142
4.05117
4.21989
4.26856
3.86405
4.55412
3.91465
3.90351
3.89568
4.35214
4.35147
3.95861
4.11628
4.0066
3.91857
4.01659
4.06443
4.20103
4.01053
4.35371
4.19791
3.8783
4.00316
4.24334
3.98123
4.36339
4.55583
3.84487
3.92389
3.77705
4.17314
4.17897
3.71571
4.11494
4.17965
4.03602
4.25433
4.62788
4.21033
3.88021
4.06196
4.34418
3.94891
3.86929
4.28456
3.79815
4.51088
4.12844
4.00716
4.79289
4.23356
4.31354
4.24378
4.30477
4.59144
4.22762
4.26236
3.80468
4.1896
3.71145
4.17982
4.39029
4.263
4.15262
4.27974
4.20395
3.82142
3.9199
4.48507
4.41823
3.92654
4.27617
4.11491
4.468
4.44645
3.76908
4.34335
3.89908
4.08264
4.05806
4.41498
4.58611
4.26875
4.06915
3.96091
3.7626
4.29702
4.27688
3.73909
4.06595
4.49797
4.4708
4.19213
3.91362
4.41679
4.18563
3.86839
3.83629
3.9183
4.01918
4.26711
4.15977
3.83252
4.36055
4.30988
4.07241
3.86989
4.26039
4.05382
4.0122
4.12056
3.93203
4.41609
4.01692
4.23364
4.62926
4.23225
4.5147
4.33835
3.7837
4.02319
4.47461
4.02368
4.12831
4.32182
4.20692
4.00661
4.33139
3.93481
4.21229
4.49078
4.24803
4.27383
3.76903
4.46233
4.08764
3.97312
4.15285
4.13134
4.03899
4.22981
3.82975
4.3091
4.44195
4.51902
4.15276
3.89003
4.24784
3.97946
4.07306
4.19992
4.20847
4.55109
4.34156
4.15565
4.25312
4.14032
4.22615
4.43927
4.14266
3.87895
4.02881
4.10603
4.13355
3.62765
3.96377
4.35583
4.31651
4.00915
4.05925
4.0157
4.28831
4.22784
3.73748
3.71647
3.93639
4.00874
4.09781
3.86357
4.16605
3.92249
3.95289
4.25521
4.15364
3.97151
3.70817
4.18137
3.99641
3.89758
3.75635
3.93178
3.89926
4.00054
3.67
4.33235
3.86222
4.23917
3.87475
3.9602
3.56192
4.03457
3.9694
4.13421
3.96958
3.74278
3.97308
4.36126
3.60898
4.07555
4.12989
3.6643
3.92525
4.10208
4.25803
4.07529
4.16252
3.89749
3.9311
3.86631
4.08541
4.06271
3.90572
3.95938
4.19136
3.93763
4.28225
4.07411
3.95206
4.06089
3.83836
4.08503
4.06524
3.94268
3.85902
4.29074
4.21488
4.23144
3.87851
4.26686
4.3946
3.94726
3.85888
4.16438
4.30182
3.74028
3.99158
3.79962
4.12954
4.39044
4.03451
3.64209
4.24214
3.63333
4.02297
3.96913
3.85466
4.02051
3.9932
3.98657
4.16342
4.49672
3.8453
3.88569
3.96121
3.97466
3.95104
4.1743
4.20647
3.87833
4.216
3.95676
4.08774
4.08313
3.97119
4.1708
3.9849
4.21479
4.27408
4.07135
4.28308
4.30809
4.17102
3.90084
3.57452
3.69656
4.54878
4.24415
3.86178
4.13981
4.21734
4.66858
4.42947
4.34323
4.46103
4.2186
4.12558
3.99761
4.38551
4.01329
4.50219
4.42637
4.02236
4.0548
4.21914
4.20418
4.34024
3.99016
4.47803
4.49081
4.35508
3.60752
4.26345
4.32411
4.61711
3.79108
4.56141
4.31861
4.55125
3.91629
4.26646
3.64168
4.2254
4.70141
4.2294
4.29148
4.09409
4.60825
4.61566
4.34431
4.02739
4.49861
4.22181
4.50693
4.55625
3.93723
4.39591
4.0657
4.26418
4.12316
4.24065
3.69464
4.25467
3.84443
4.14018
4.16972
4.02638
4.1077
4.13547
4.11635
3.85712
4.11908
3.931
4.2756
3.83283
4.11289
4.03278
4.02281
4.12763
4.11867
4.10877
3.78847
3.67461
3.9623
3.91869
3.80774
3.97871
4.36745
4.35737
4.20917
3.6327
4.39735
3.98211
3.95377
4.26317
4.21844
4.26671
4.09329
3.57238
4.18837
4.39027
3.99803
4.19632
3.77023
3.84521
3.95109
4.35314
4.02464
4.31637
4.04572
4.30573
4.117
4.04141
4.43892
3.83184
4.19299
4.11837
4.01703
4.29311
4.18698
4.26516
3.92497
3.71785
3.88454
3.99675
4.00278
4.03519
4.167
4.28225
4.23503
4.47254
4.17759
3.80174
4.3415
3.95718
4.1044
4.40703
4.03937
4.4614
3.83583
4.54855
3.84689
4.33341
3.89631
4.24879
4.15149
4.12301
3.56071
4.25441
4.0791
3.71185
3.93108
4.10946
4.27528
4.07099
4.43423
4.18164
4.38684
4.02684
3.99225
4.07824
3.7001
3.71281
4.17712
4.15017
4.37564
4.17977
3.89787
4.23699
3.37776
3.81382
3.99331
3.96869
3.94464
3.76513
3.97127
3.87284
4.06205
4.09212
4.01839
4.09347
3.89563
4.23511
4.34627
4.00018
4.02158
4.10692
4.03502
3.99731
4.14831
4.4195
4.09366
4.22986
4.14519
4.40619
4.789
4.0912
4.37621
4.07364
4.30018
4.14011
4.00448
3.98946
4.03641
4.08964
4.23586
3.95687
3.68085
4.17313
3.6277
4.2516
4.45266
4.10038
3.82452
4.20292
4.25655
3.78539
4.28281
3.89259
3.9467
4.0157
3.94337
4.4825
4.53264
4.2732
4.23029
3.69141
4.07123
4.51483
4.16122
4.25724
4.39352
4.17075
4.31364
3.91212
4.32455
4.03527
3.89958
3.90401
4.2007
4.53053
4.21082
4.22224
4.10073
4.26878
4.38105
4.40773
4.34859
4.43235
3.84442
4.25656
4.14273
3.69828
4.53661
3.55797
3.79089
3.83208
4.35233
4.03333
4.15068
3.5283
4.10793
4.06747
4.0364
4.11322
4.02862
4.23981
4.09903
3.85821
4.54945
4.08901
4.42148
3.93909
4.25011
3.93245
3.90207
4.04377
4.30879
4.65683
4.20176
3.56183
4.38264
3.81951
3.89165
4.13682
3.69742
4.07234
3.87806
4.13216
3.7757
4.15674
3.90552
3.87463
3.85865
4.11391
4.03781
4.13584
3.78914
4.01515
4.08849
3.99357
4.19283
4.14231
4.14556
4.05229
3.93646
4.35316
3.97882
3.88871
3.86216
4.14377
3.98977
3.79193
3.99854
4.09492
3.68186
4.33595
4.02229
4.19838
4.14092
4.48146
4.25613
3.66889
4.39684
3.90651
4.0925
4.29531
3.95057
4.23416
3.86818
3.95364
4.05937
4.28149
4.09888
4.06264
3.74435
4.1585
3.90684
3.99288
4.02351
3.9334
4.22873
3.93908
3.72947
4.06653
4.08363
3.94171
3.8656
3.88722
3.56018
4.0591
3.73129
4.18437
4.00904
3.9702
4.66594
3.76782
4.42707
4.07726
3.86956
4.58403
4.26118
4.44388
3.96375
4.34129
4.0932
4.01244
4.12302
4.29702
4.1021
3.81211
4.16233
4.0327
4.19738
4.28436
4.12178
3.99251
4.35426
3.83113
4.13158
4.12698
4.13329
4.05017
4.15105
3.90495
4.16476
4.21211
4.84475
3.76059
3.88649
4.44801
4.03581
4.21716
4.31452
4.08303
3.87447
4.18317
4.336
4.23401
4.08387
4.20368
4.08767
4.00978
3.74079
4.07879
4.21951
3.95498
3.9041
4.05725
3.84455
4.25325
4.57806
4.57348
4.41449
4.37542
3.91222
4.25234
4.16022
3.79458
3.67485
4.2784
4.52343
3.85178
3.95801
4.27044
4.09796
4.14536
4.10469
4.25181
4.40356
4.08815
4.32098
4.27481
4.81799
4.35063
4.10633
4.09543
3.89655
4.33701
4.3042
4.09807
4.18948
4.23761
4.31352
3.73725
4.1839
4.16422
4.09291
4.17563
4.67098
4.27988
4.07456
3.97127
4.56296
3.91448
3.92861
3.89589
4.31562
4.05627
3.88265
4.35254
3.97434
4.21586
4.60221
4.04322
4.21448
3.91631
4.47511
3.77176
3.76047
3.99364
3.86596
4.26026
4.32685
4.09241
4.13911
4.2038
4.0597
3.90735
4.08207
4.08082
3.76162
4.24698
4.39223
4.014
4.07585
4.19732
4.05299
3.89751
3.49329
4.00489
4.03164
4.07939
3.76864
3.71717
4.40395
3.9437
3.62029
4.4306
3.91378
4.29161
4.15121
4.38107
3.80732
4.39281
4.33037
4.26348
4.19952
4.14616
4.07444
4.03204
4.57925
4.01032
4.11964
4.08133
4.27582
4.40439
4.03325
4.08631
4.00867
4.16814
3.99909
4.01609
3.99693
4.61974
4.15806
4.13888
4.47306
4.29095
4.57823
3.99864
4.89562
4.46454
3.68365
4.12804
4.24045
4.43271
4.04119
4.06581
4.00806
4.37845
4.296
3.94398
4.26639
4.55579
4.45179
3.8991
4.25208
4.61374
4.68792
4.42999
4.42189
4.77902
4.12254
4.28334
4.41252
4.38597
4.35784
4.1991
4.12552
4.17776
4.10909
4.27126
3.99293
4.40986
3.99471
4.16439
3.91815
3.97142
4.31227
4.22882
3.67995
3.89802
4.23687
4.20113
4.01336
4.11307
4.13949
3.6676
4.03325
3.96465
4.14397
4.05402
4.21359
4.02673
4.01085
4.33624
4.1036
4.09926
4.05013
4.3409
3.99656
3.7298
4.09127
4.11466
4.02257
4.59139
4.20958
4.24154
3.99986
3.80423
4.33725
4.41283
4.33294
4.09777
4.07445
4.21506
3.88648
4.2392
3.79185
4.35577
3.66294
4.34229
4.23142
3.89956
4.18326
3.71922
4.38508
3.79154
4.35204
3.78668
3.92584
4.01578
4.36679
3.99647
3.6852
3.93245
4.00598
3.92286
4.00276
4.19419
4.17335
4.53499
3.84895
4.16452
4.15499
4.34977
4.06124
3.82541
4.13396
3.99427
4.27862
4.21327
4.19104
4.24955
4.15158
3.67442
4.24672
4.37511
4.14399
3.9717
4.18802
4.21152
4.01735
4.07744
4.31332
3.58946
4.30784
3.78825
3.9641
4.39772
4.48683
4.27025
4.22156
4.11454
3.93945
4.51287
4.26859
4.02358
3.87242
4.62136
4.69176
4.00046
4.23274
4.0896
4.00552
3.97342
4.12873
4.32484
4.33181
4.29903
4.43232
4.34281
4.16587
4.67296
4.64684
4.40364
4.40784
3.85933
4.10096
4.2928
3.9891
4.16694
4.35167
4.49635
4.10619
4.25084
4.5224
4.54747
4.29322
4.55852
3.83507
3.8168
4.07535
4.22202
4.11692
4.1215
4.26086
4.14085
4.24557
4.30645
3.9826
4.09332
3.9464
3.85585
3.77771
3.92592
3.99494
4.38025
3.97002
3.98058
4.50977
4.24563
4.41997
3.8628
4.15778
4.07168
4.32205
4.04891
4.44008
4.16266
4.60116
4.23813
4.25931
3.97389
4.10169
4.31699
4.38653
4.0272
4.5792
4.15986
4.19804
3.85212
4.03487
4.19043
3.96405
4.3626
4.50684
4.24539
3.8479
4.1659
3.91789
4.19979
3.73695
4.63982
3.9266
4.57036
3.97996
4.30135
4.20134
3.93607
4.00056
3.96369
4.57205
4.12852
3.70024
4.45867
4.17596
3.84629
4.59895
4.14442
4.61419
3.98006
4.45777
4.07289
4.02634
4.40376
4.20239
4.31617
4.01167
4.11209
4.12327
4.48414
3.97657
4.40843
3.82157
4.28253
4.06975
4.10957
4.00534
4.20462
3.80541
3.94665
4.09907
4.39145
4.33836
4.24851
3.81293
4.12246
4.06661
4.07695
4.51523
4.06181
4.59207
3.82504
4.00182
4.01226
4.38942
4.04306
4.26823
4.14303
4.15768
4.28483
4.18386
3.92673
4.2124
4.26122
4.45652
4.14334
3.72683
4.30036
4.36262
4.28937
4.49529
4.11595
4.15736
3.90669
4.0407
4.49267
4.25716
4.31304
4.57202
4.21036
4.49471
4.46181
4.41707
4.46706
4.2759
4.32613
4.24606
4.08197
4.19313
3.85858
4.06377
3.70642
4.37981
3.7231
4.45263
3.75657
4.29625
3.96179
4.05389
4.33222
4.45671
3.59716
4.15861
3.99333
3.79625
3.8757
4.13559
4.22624
3.49869
4.26723
4.03672
3.80528
4.08111
4.25576
4.21386
4.0867
4.08312
3.40901
3.70899
4.55732
3.98645
3.85416
4.25857
3.93192
3.96266
4.09628
3.98012
4.07574
4.01537
4.13883
4.12171
4.12794
4.05784
3.6384
4.22248
3.91343
3.98609
4.65234
4.20511
4.18959
4.18131
4.02864
3.98798
4.65234
4.5093
3.91216
4.4352
4.12672
4.37803
4.08534
4.10525
4.00486
4.93996
4.66563
4.35655
4.58582
4.23307
4.49977
4.21672
4.00375
4.12596
4.26848
4.09227
4.0858
4.73266
4.27237
4.48189
4.47808
4.68129
4.46834
4.75243
4.27607
4.09076
4.25606
4.78625
4.44617
4.09226
4.43968
3.94709
4.02094
3.85532
3.9768
3.89837
4.34783
4.23062
4.35516
3.60572
3.97135
4.3493
3.90541
3.70112
3.73916
3.85656
3.74764
4.12666
4.29952
4.11053
4.10718
4.25666
4.63229
3.92724
4.29245
4.16651
3.97761
4.01536
3.98086
3.85461
4.02545
4.03021
3.84823
4.05282
3.9115
3.78404
4.01056
3.92549
3.71995
4.04302
4.40504
3.51679
4.0657
3.78929
4.54209
4.15853
3.74521
3.67165
4.3363
3.94346
4.01698
4.22046
4.25651
4.30993
4.58578
3.77198
4.38324
4.02025
4.08976
3.96741
4.04185
4.47123
4.15991
4.67578
4.28781
4.32795
4.1665
4.06689
4.44608
3.65272
4.03754
4.01373
4.33829
4.23658
4.11225
3.99907
4.2301
4.70381
4.0409
3.59325
4.04034
3.97615
4.07753
3.78595
3.98027
3.88405
3.82428
4.1577
4.072
4.20238
3.79659
4.41313
4.2552
4.03665
4.30854
4.30435
4.12778
4.01966
4.08996
4.23159
3.72851
4.45351
3.9433
4.20546
3.9982
3.699
4.15096
4.22863
4.34104
3.98396
3.83137
4.29828
3.70677
3.93523
4.51371
3.79462
4.25862
3.83372
4.29212
4.13824
3.74181
4.32394
3.78245
3.88581
3.59615
3.96114
4.01063
4.22527
4.37921
3.78624
4.00072
4.15556
4.05025
4.07115
4.17489
4.15506
3.7472
4.07976
4.30295
4.40074
4.34966
3.83953
4.27667
4.02356
3.74164
3.75633
4.329
3.94052
4.0964
3.90751
4.68606
3.84515
4.17921
4.24345
3.93399
4.19222
3.9634
4.33563
4.11908
3.87904
4.81706
3.63687
3.86822
4.08578
3.86555
3.64227
4.05694
3.42176
3.99264
4.24355
3.86798
3.68194
4.29643
4.33052
4.03842
3.50294
4.01283
4.04711
4.58094
4.1098
4.1365
3.82654
3.68667
3.73336
4.02592
4.15951
3.89445
4.07886
3.87555
3.67495
3.99795
4.08211
3.71083
3.86513
4.40314
4.01129
3.55695
3.57676
3.6149
3.84147
4.14488
3.75748
4.08461
4.13554
3.83241
3.68653
3.79948
3.76021
4.11096
3.66821
4.12425
3.94299
4.30551
3.69177
3.98764
4.18341
4.04886
4.05288
3.69413
3.77329
3.56485
3.81211
3.93052
3.77299
3.95401
4.08267
3.82379
4.1861
4.12756
3.99017
4.08372
4.1514
3.94719
3.6568
3.95663
3.84454
4.03999
4.01844
3.66883
4.25932
4.30119
4.33197
4.11669
4.1282
4.31971
4.0344
4.3187
4.38399
4.50078
4.12399
4.3264
4.84611
4.12369
4.22128
4.02308
3.94553
4.22981
4.46836
4.48066
4.34705
4.62525
4.47949
4.08814
4.37573
4.11995
4.0612
4.31707
4.64982
4.20469
4.19686
4.05513
3.93646
3.91414
4.4495
3.90176
3.97074
4.22613
4.05012
4.15179
4.55982
4.07356
4.4392
4.44834
4.31758
4.00102
4.26249
4.28148
4.09291
4.2889
3.67072
4.12428
4.37529
4.30367
4.55992
4.22473
3.90433
4.27722
4.00787
3.80524
4.06048
4.00265
4.36742
4.2726
4.21683
4.11145
4.04441
4.06671
4.16912
3.96254
3.92441
4.0235
4.10096
3.48006
4.03419
3.79894
3.97149
3.5257
3.83594
4.03779
3.59322
4.13032
4.05935
3.82151
3.87367
3.66856
3.6478
3.8107
3.9309
4.04783
3.49705
4.04426
3.40961
3.69061
3.62979
3.62433
3.61005
3.64265
3.66278
3.68049
3.73945
3.73103
3.47608
3.9705
3.6621
4.28326
3.857
4.33851
3.77818
4.01104
3.83245
4.27088
3.84273
4.33071
3.94121
3.93288
4.2539
3.50645
4.21689
3.93003
4.20021
4.23883
3.94287
4.4239
4.25104
4.20755
4.23784
4.2262
3.73029
4.19944
4.37694
4.10405
3.8241
4.0498
3.90515
4.00886
3.81617
3.80744
3.42392
4.09339
3.99939
4.43033
3.95993
4.4914
4.04039
4.58227
3.85322
3.8351
4.21069
3.84868
4.30269
3.61134
4.22863
4.07652
4.24107
3.72233
4.59392
3.56542
4.1816
4.2224
4.04213
4.39505
4.13691
4.14615
3.61811
3.86931
4.00185
3.93265
3.88246
4.02354
3.58954
3.7775
3.98777
3.6173
3.95429
3.96184
4.02227
4.21289
3.63184
4.04401
3.61993
3.99558
3.51976
4.00652
3.72936
4.00603
3.95124
4.34813
3.65716
4.24163
4.47033
3.83105
3.80632
3.90053
3.85271
3.73828
3.88963
4.14263
3.90424
3.96695
3.30701
4.10186
4.19205
4.10775
3.9292
4.15664
4.20109
4.18932
4.04421
4.1336
3.49862
3.9909
3.90541
3.92594
3.86575
3.84682
3.88833
4.18142
3.70203
4.25312
4.23254
4.02898
4.0928
4.11019
4.3815
3.89693
4.05693
4.47301
3.96401
4.29757
4.17487
4.25466
4.12661
4.27806
3.83749
3.64528
3.79688
3.93313
4.13763
3.74762
4.22813
3.82487
3.47059
4.20478
3.71023
4.12184
3.74246
3.70607
3.93591
4.29666
4.06598
4.08266
4.16628
3.79087
3.46557
3.89775
4.06097
3.97589
3.7554
4.04323
3.97262
4.75991
4.7078
4.73751
4.38627
4.00064
4.11116
4.19867
4.1529
4.00267
3.97331
4.35207
4.14601
4.16215
4.68235
4.08685
3.99927
3.95529
4.14968
4.6029
3.92572
4.45203
4.06861
3.90002
4.38334
3.70939
3.97462
3.55675
4.57347
4.32246
4.20182
4.0152
4.25134
4.25359
4.19287
4.18746
3.73566
4.56421
3.99804
3.89002
3.70052
4.03685
3.66256
4.06561
4.13401
3.68893
4.25021
3.88192
3.61127
3.9526
4.10622
4.20537
3.63513
3.86593
3.65973
4.31708
4.22427
4.47237
4.00764
4.00486
3.87031
4.07629
3.98116
4.15627
4.41858
4.21335
4.11382
4.33875
3.89555
4.25631
4.56235
4.15121
4.15213
4.88758
4.31962
4.31102
4.04901
4.27479
4.31339
3.91536
4.19274
4.10539
4.38647
4.30337
4.29209
3.82981
3.70148
3.94238
4.38137
4.47627
4.08821
4.17888
4.42617
4.14928
4.38909
4.36366
4.11355
3.86489
4.3244
3.8895
4.30017
3.87597
3.86957
3.73198
4.04532
4.00199
4.52875
4.27276
4.2647
3.87749
3.60497
4.24652
3.82153
4.20151
3.53343
3.86758
4.23428
3.95484
3.84255
4.32159
3.98534
3.84254
3.62535
4.01092
4.09016
4.3993
3.99228
4.02
4.12336
3.87769
3.82535
4.27628
4.08665
4.30462
4.23763
4.29005
4.48528
4.01324
4.14374
4.44471
3.89006
4.30387
4.62555
4.28891
4.77015
4.17035
4.17575
3.97844
4.51562
4.02734
4.20124
3.92629
4.51597
3.83672
3.52151
3.63674
3.99442
3.89365
4.19107
4.07042
3.89227
4.14399
3.6015
4.1949
4.46652
3.9955
4.36089
4.18465
3.95132
3.84981
4.04656
4.24518
4.05894
3.75781
3.77501
4.05212
4.03136
4.0607
4.50919
4.48317
4.38113
4.25493
4.48659
3.57802
3.86233
4.02267
3.92683
4.32786
4.26821
4.60753
4.63567
4.3239
4.26824
4.17175
4.12553
3.97428
3.67486
3.8893
4.0729
3.76127
4.19901
3.87918
3.9258
3.68812
3.9733
4.04311
3.47501
3.941
4.01522
3.88034
3.9684
3.769
3.94906
3.81583
3.84593
3.76467
4.35825
4.08381
4.27392
3.89811
3.84458
4.27633
3.78702
3.69384
4.34356
3.90188
4.05873
3.8841
3.85771
3.60044
4.4616
4.10717
3.96347
4.07958
3.89358
3.77027
3.98504
4.05595
3.98252
4.19534
3.85959
4.13335
4.15483
4.02782
4.07411
3.97058
4.03546
4.10711
3.46154
3.88464
3.75412
4.02914
3.74102
4.32239
3.79642
4.12535
3.83465
4.30816
4.26507
4.28691
4.19223
4.18784
4.15896
3.90518
3.55152
4.20371
4.1831
4.22044
4.19902
3.70283
4.13727
4.33467
4.29975
4.12608
4.27582
4.69485
4.10218
4.36665
4.29618
3.91525
4.28654
4.10123
4.47762
4.3189
4.24503
4.09065
3.81713
3.98985
3.89785
3.6496
4.34017
4.22756
3.92809
4.24799
4.14897
3.6085
4.21991
4.082
3.98863
4.12248
3.96775
4.55173
3.70674
3.85162
4.1332
3.70496
3.94021
3.67868
4.03001
4.00587
4.01891
4.12564
4.04724
4.2075
4.12035
4.18449
4.41565
4.25615
4.11854
4.29469
4.45892
4.01484
3.79687
4.4501
4.08794
4.54208
3.8569
4.00407
3.59449
4.15157
3.9523
4.17819
4.01362
3.82982
3.94702
3.72492
4.33129
3.63816
3.6224
3.74644
3.87089
4.07352
4.33082
3.88751
4.50501
3.88463
4.08562
3.8019
4.10171
3.94184
3.84883
3.57503
4.00097
4.02356
4.72418
4.18194
4.24936
3.98944
3.95485
3.71953
3.94819
3.76583
3.87064
3.89728
3.96
3.77525
3.9345
4.0389
3.77411
3.87364
4.03133
4.17855
4.35056
4.13576
4.24643
3.94913
4.34251
4.06006
3.83584
4.0497
4.28707
4.2088
3.75706
4.09137
3.98577
3.92274
4.36453
4.05883
4.01279
3.9518
3.62846
4.02981
3.47154
3.88844
3.83331
3.97918
4.18564
3.61442
4.06207
3.83429
4.0555
4.05635
4.07549
4.08071
3.78819
3.49805
