13.0095
13.1002
12.9498
12.9856
13.0405
13.0619
13.3115
12.7981
12.8443
12.8672
12.9928
12.7956
13.3036
13.0998
13.3184
13.0247
12.9994
13.0009
12.9986
13.4884
12.999
12.5334
12.6082
13.0179
13.4087
12.9843
12.5803
13.0607
13.1005
13.0617
12.9862
13.5697
12.9323
12.7614
13.373
13.1534
13.0993
13.1657
13.2132
12.8211
13.115
12.5574
13.0734
12.8438
12.8353
12.9139
12.707
12.9251
13.1838
12.8385
12.8095
12.509
13.0393
12.5868
13.1502
13.0886
12.8736
13.0621
12.7771
12.7938
12.921
13.0308
13.0686
12.9778
13.0452
12.9503
12.8806
12.8855
12.8798
12.8552
12.7007
13.3975
13.0755
12.86
12.7362
12.9599
13.0366
13.0229
12.8846
12.9571
12.9874
12.9234
13.2677
12.9811
12.8843
12.8031
12.9719
12.7673
13.0446
12.7386
12.6453
13.0253
12.8749
12.9368
12.8397
12.6631
13.2243
12.9388
12.7592
12.967
12.9566
13.6236
13.1943
13.1045
13.3831
12.4093
12.9055
12.8459
13.0377
13.0569
13.0129
12.9089
12.8344
12.8647
13.3727
12.774
12.6896
12.781
12.9855
12.7253
12.8077
13.0087
13.1317
12.9063
13.0451
13.1388
13.2042
13.0765
12.9374
12.711
12.3966
13.0116
13.0196
12.7927
12.9958
12.9516
13.2245
12.4041
12.7555
12.7043
12.6036
12.9137
13.0115
13.3434
12.9663
12.661
13.1236
12.9627
12.8941
12.6876
12.8063
12.5295
13.4608
13.1206
12.9116
12.8777
12.9948
12.7956
12.8425
13.0626
13.1204
12.7233
13.0915
13.0142
13.3751
12.9795
12.775
13.2449
12.854
13.208
13.0172
12.6265
13.208
12.7071
13.2206
12.7927
12.8638
13.3119
13.251
12.6636
12.664
12.9628
13.3934
12.9514
12.7115
12.7634
13.1393
12.6887
12.8257
12.7802
12.7811
13.1841
12.919
12.9866
13.0858
13.0202
12.8637
12.9072
13.1699
13.0788
12.7387
13.14
13.1407
12.8366
13.183
13.2546
13.113
13.3578
12.7348
13.284
13.3493
13.1236
12.7388
12.8055
13.0897
12.8468
12.506
13.072
12.5532
13.2177
12.7045
13.0431
12.7982
12.871
13.4473
13.0811
12.9761
12.9134
12.5962
13.1441
12.9472
13.5037
12.5677
12.6714
12.962
12.9016
13.0079
12.8252
12.8223
13.2063
12.8825
12.4725
12.8147
12.8892
12.6317
12.7004
12.8773
12.7591
13.0724
13.0153
13.1797
13.2246
13.2695
12.7156
12.6212
13.3795
12.8416
12.8887
12.6512
13.0995
12.6672
13.3029
12.8309
13.1233
13.3248
13.1218
12.8692
13.2484
13.0982
12.8952
13.0952
12.7178
13.2086
12.5362
13.0339
12.9946
13.4969
12.7096
12.9108
12.989
12.7019
13.2374
12.9892
13.4077
12.8089
12.7505
12.5981
12.8851
13.0594
12.8771
12.3878
12.932
12.9984
13.0048
12.8223
13.4047
12.8075
12.8687
13.1975
12.9378
12.8438
13.2751
12.9037
12.9843
12.9604
13.1616
12.8673
13.045
12.8996
12.8495
13.1548
12.699
12.7373
12.9522
13.1086
13.2908
12.4042
12.8068
12.9142
13.1982
12.8913
12.8984
12.8592
13.0625
12.9143
12.949
13.1308
13.4782
12.5762
13.2837
12.8497
13.0934
12.7384
13.1181
13.0687
12.8737
12.7175
13.0174
12.7773
12.7019
13.0195
13.2076
12.8157
12.8209
13.0554
13.1659
13.218
12.9198
12.6837
13.01
12.8393
12.8508
12.9425
12.881
12.9016
12.9836
12.6399
13.1947
12.5812
12.6382
13.0803
13.2229
13.1576
12.9539
12.904
12.8171
13.3393
13.2186
13.0514
13.0955
12.8397
13.3391
12.9633
12.8314
12.8585
12.9111
12.9638
12.8285
13.0699
12.9039
12.9798
12.9178
13.003
12.7914
13.1383
12.6702
13.0239
13.0552
12.7377
12.8404
12.9439
12.9977
12.8386
12.8944
13.0485
13.2258
13.0334
12.8379
13.1176
13.0495
13.2746
12.7291
12.8243
12.8882
13.0532
12.9584
12.9733
12.9221
13.1761
13.2669
13.018
12.7841
12.7548
12.5674
13.0583
13.2334
12.9219
12.9716
13.0667
12.8906
13.2298
12.9743
13.1323
12.6722
12.904
13.0642
13.0786
12.8911
12.9251
13.069
12.7233
12.8124
12.9317
13.1624
12.9288
12.8955
13.2113
12.9309
12.7155
12.9349
12.9426
13.1585
13.4611
13.0239
12.9369
12.7135
12.7512
13.1457
12.7459
13.2218
13.5545
12.6657
12.8654
12.9895
12.9376
12.7416
12.9497
12.8567
12.8246
13.1026
12.7463
12.9611
12.8074
13.5771
12.8541
13.1515
13.1044
13.1648
12.8052
12.8979
13.322
12.9332
12.9266
13.4673
13.0486
12.8828
13.1846
13.4842
12.9004
12.8448
12.9201
12.8909
13.1928
12.7267
13.1748
12.9826
13.0179
13.134
13.1051
12.6322
13.2099
12.9861
13.0626
13.408
12.8234
12.7332
13.0358
13.129
13.2254
12.9766
13.0717
12.3749
13.1656
12.9425
13.1233
12.9088
12.6635
12.9795
13.3308
13.031
13.4118
13.0698
13.1582
12.9397
13.1402
13.5329
13.3269
13.296
13.2467
12.7292
13.3555
13.076
13.2465
12.8888
12.9243
12.6507
12.7467
12.759
12.7904
13.1437
13.0872
12.61
13.2306
13.4347
13.1047
13.4444
13.5701
13.542
12.8747
13.1804
12.9422
13.1169
12.8923
12.8198
13.0405
12.84
13.067
13.0581
13.3177
13.0111
13.3087
12.9177
12.9971
13.3724
12.6549
13.1883
13.1931
12.7981
13.0024
12.7244
13.3529
12.8601
13.1533
12.9173
13.0445
13.0232
13.15
12.8418
13.0188
12.7722
12.9203
12.7957
13.3221
12.7948
12.8274
12.6263
13.2924
12.858
13.0352
12.9838
12.7374
12.8593
12.921
12.9792
12.6426
13.1585
12.8878
12.7305
13.2826
12.7468
13.1124
12.7946
13.0431
12.9828
12.7125
12.5214
12.9424
12.9177
12.8389
12.401
12.8786
12.7084
12.9385
12.8903
12.8857
12.7603
13.0707
12.761
13.2166
13.2231
12.5878
13.3905
12.6045
12.4815
12.7872
12.8605
12.8769
12.7537
12.9659
12.9461
12.6086
12.7183
12.6964
13.0364
13.0232
12.843
12.9861
13.318
13.1179
13.2248
12.5848
12.5495
12.9434
12.8187
12.987
12.633
12.6257
12.5803
12.9109
13.206
12.7592
12.8429
13.2033
12.7886
12.6525
12.6491
13.3564
13.0903
12.9627
12.5341
13.045
12.7223
13.0216
12.9113
13.1348
12.8204
12.43
12.6647
12.6757
13.0039
12.766
12.7076
13.1551
12.6979
12.7644
12.6125
12.6083
13.0125
12.9089
13.354
12.8404
12.669
13.2652
12.9862
12.7562
12.9229
12.4985
12.8482
12.8724
12.908
13.2265
12.8977
12.9884
12.8173
12.823
13.0599
12.906
13.073
12.8546
13.0427
12.7867
12.944
12.7392
12.9032
13.2757
13.2808
12.8808
13.2717
12.9697
13.2035
13.0781
12.8281
12.6636
13.3833
13.3173
12.5184
12.7126
12.6375
13.2592
12.7589
13.1422
12.5955
13.2525
13.0777
12.8864
12.9649
13.0904
12.7879
13.1855
13.2732
13.0256
13.1668
13.1429
13.0028
12.9504
13.1043
12.7888
13.1881
13.1396
13.1663
12.8264
13.0934
12.7372
12.7225
12.9735
13.017
12.8362
13.0998
13.1581
12.9244
12.8358
13.1264
13.0394
12.7782
13.4626
13.152
13.3338
13.2355
12.8048
12.9847
13.1849
13.0498
12.9485
12.9185
13.0586
12.7228
13.1306
13.3581
13.0151
12.8723
12.6137
13.4059
12.9581
12.9512
12.8896
13.0417
12.5152
13.0481
12.9428
12.7069
13.1974
13.3104
12.9515
12.9983
13.1008
12.806
12.9309
12.8321
12.863
12.8896
12.8319
12.7533
12.5481
13.045
12.9162
12.8857
12.6865
12.9587
13.0167
13.1685
13.4606
12.9286
13.1364
12.6075
13.0858
12.8958
12.9215
12.6586
12.9265
13.3349
12.9921
13.0609
12.4584
12.6848
12.8799
12.7789
12.8912
12.9161
12.9289
13.1812
13.3781
12.9209
13.0602
13.09
12.8206
12.7851
13.0952
13.0954
12.6273
13.1055
13.271
13.0956
12.8985
12.7187
13.0133
12.6599
12.6272
12.5458
12.6293
13.0664
13.1209
12.8517
12.7059
12.9586
12.7721
12.8582
13.1309
12.7786
12.8973
12.7762
13.0237
13.175
13.3283
12.7608
12.7959
13.1595
12.8941
12.8304
13.0438
12.874
12.9745
12.6939
13.2536
12.8959
12.8852
12.6422
13.1773
13.0375
12.9032
13.0508
12.8835
12.9568
13.299
12.605
13.1989
13.2025
12.4693
12.9041
12.6447
12.8956
13.3655
12.6315
12.6367
12.8967
12.9138
12.8408
12.7199
12.8947
12.9508
13.013
13.0076
13.1736
13.1471
12.7424
12.8593
12.4206
12.7452
12.6735
13.153
12.5877
12.737
13.3703
12.848
12.7498
12.9902
13.1208
12.6214
13.0299
12.7635
12.8618
12.7539
12.9886
13.042
12.9789
12.5316
12.8474
13.3585
12.5347
12.9746
12.7009
13.2791
12.8182
12.9683
12.9777
13.1903
12.7994
12.9757
13.1014
12.998
12.5137
12.45
13.047
13.1852
12.8433
12.6498
12.8358
12.8605
13.0052
12.5719
12.6706
12.8221
12.6574
13.0877
13.1136
12.835
12.6387
12.7975
13.0948
13.3192
12.8144
12.7589
13.2018
12.9211
12.9856
12.9929
13.1712
12.7807
13.2108
13.0907
12.9418
13.2847
13.2395
12.6537
12.9448
12.8534
12.8042
12.9208
12.8301
12.7367
13.3924
12.3407
12.808
12.8897
12.903
13.1953
13.1368
12.7703
12.68
12.8323
12.9271
13.2993
13.3263
12.5961
12.7401
12.9782
12.5396
12.6753
12.9095
13.0596
13.1386
12.6853
12.606
12.7925
12.7694
12.8813
13.0521
13.0514
13.0724
13.1186
13.1341
12.8189
12.9465
13.2815
13.2364
13.0933
12.685
12.9749
12.8944
13.0888
12.8478
12.6363
13.089
12.8957
12.9813
12.9123
12.9667
13.1838
13.088
12.8491
12.4523
12.9089
12.803
12.9054
12.6064
13.0414
13.2323
12.7428
12.9354
12.8301
12.9948
12.6223
12.8354
13.0965
12.4808
12.9315
12.6367
12.9365
13.0416
12.8528
12.9297
12.9843
12.6959
13.0339
12.9501
12.7683
13.3827
12.9009
12.6234
12.974
12.8462
12.8769
13.1188
13.2502
13.2504
13.2367
13.0978
13.0568
13.4642
12.7267
13.0429
12.9904
13.0805
13.0897
12.8875
12.7536
12.8275
12.9328
13.374
12.7246
13.1437
12.8897
12.9523
12.7535
13.0132
13.0184
13.0447
12.8533
13.1403
13.1511
12.4333
13.0808
12.981
12.6757
13.1701
12.5266
12.6631
13.1183
13.2753
12.5826
12.9075
13.2648
12.9823
12.7725
13.0833
13.0788
13.0625
12.8543
13.1068
13.1759
13.287
12.6814
13.1854
12.6715
13.2393
12.9907
12.8325
12.8751
12.7189
12.8185
12.8742
13.1392
12.7422
12.8096
13.2625
13.0708
13.0907
12.9479
13.5281
12.9613
13.0036
13.2669
12.9399
13.1613
12.5455
12.9859
13.252
12.9178
12.7318
12.9919
12.9527
13.0106
12.8407
12.9459
13.1312
12.3984
13.2097
13.1674
12.9849
13.1235
13.1137
13.1708
12.8027
12.7511
12.7476
12.9858
12.9627
12.9481
13.0422
13.1248
13.0115
13.1344
12.9311
12.8983
12.6472
12.7828
13.1734
13.1361
12.8353
12.9326
12.366
13.0912
13.1305
12.8412
13.0192
12.9399
12.4635
12.6262
12.4249
12.5982
12.9702
12.8566
12.5869
12.5837
12.9024
12.8025
13.1488
13.1022
12.8473
13.0984
12.6328
12.9069
12.7069
12.6552
12.6557
13.4051
12.8863
12.9363
12.7613
12.8004
12.8106
12.7347
12.922
12.991
12.8127
12.5618
13.0603
12.8235
12.5411
12.8337
13.101
12.8502
12.7375
13.0013
12.5837
13.2421
13.0854
12.3382
12.7973
12.6609
12.7274
12.8906
12.812
13.194
13.0208
12.4013
12.2197
12.5983
12.6605
12.7355
12.9169
12.9917
12.9095
13.1082
13.0786
13.0403
12.627
13.0602
13.0747
12.8196
13.2311
13.4156
12.998
12.7472
13.2547
13.1019
13.2076
12.755
13.3161
12.9039
13.1652
13.3903
13.2218
13.4358
12.7553
13.1651
12.8971
12.98
12.5767
12.7739
13.1863
13.1297
12.851
12.7322
12.7856
13.0303
13.2725
13.1203
12.8193
12.8646
13.0135
13.0204
12.9354
12.6416
13.2361
13.2144
12.9323
13.0156
12.8374
13.0473
13.1649
13.0797
13.2751
13.4245
13.1693
13.0251
13.2767
13.2004
13.3153
13.4555
13.2079
13.0409
13.0881
13.2245
13.2185
13.146
12.8955
13.0086
12.9186
12.9542
12.9325
13.0029
13.3089
12.7611
13.0468
13.2108
12.9615
12.6996
13.1931
13.5137
13.313
13.1523
12.8821
12.8591
12.7419
13.1801
12.823
12.9894
12.8655
12.954
12.773
13.1199
12.9541
12.9299
12.9859
12.6079
13.0744
12.9949
12.7877
12.6356
12.827
13.0059
12.5906
13.0788
12.815
12.4802
13.0589
12.7742
13.1224
12.6261
12.6305
12.7396
13.1709
12.6184
12.5513
12.7737
12.8339
12.9294
12.7611
12.9521
12.8975
12.7231
13.1085
13.0184
13.0793
13.0158
13.335
13.0348
12.7867
12.9615
12.7716
13.0556
12.7924
12.8718
12.6948
12.7847
12.7708
12.6297
12.8876
12.5433
13.1691
12.7886
13.1541
12.4545
12.7711
12.6492
13.0202
12.9341
12.4018
13.0425
12.3786
12.6546
12.5701
12.8955
12.739
12.5633
12.4441
12.5292
13.1097
12.7958
12.7407
13.1027
12.5413
12.7066
13.0907
12.8928
12.9458
12.5625
12.9653
12.9295
12.9241
13.3344
12.7602
12.9161
12.5605
12.9337
13.1749
12.9839
12.7547
12.9195
13.1906
12.9538
12.7475
13.1878
12.6707
13.1799
12.4782
12.6927
12.704
12.8907
12.7636
12.9657
13.059
13.0781
12.9615
12.2115
12.6259
12.9565
12.8077
12.6763
13.0392
12.9201
12.5388
12.7722
13.1386
13.0367
13.1446
12.9248
12.7098
13.0022
12.6895
13.3865
12.9743
12.5929
12.7489
12.7497
12.486
13.0111
12.8705
12.8706
13.1111
12.9252
12.8417
12.8852
12.3968
12.6307
12.9426
12.9611
13.2773
12.7971
12.6411
12.9333
13.0326
12.775
12.7681
12.9562
13.0992
12.5744
12.8119
12.8514
13.323
13.2198
12.9989
12.7331
12.9571
13.0157
12.7946
12.6319
12.9914
12.715
12.8295
12.7361
12.8467
12.8325
12.9139
13.0538
13.222
12.9153
13.0022
13.0316
12.8258
12.9846
13.0109
13.1156
12.6749
12.6945
12.7309
13.0394
13.0939
13.1853
13.1562
12.6448
12.7143
12.8163
13.0257
13.2963
12.8352
13.0183
12.9578
12.7602
13.0089
13.179
13.1152
12.8813
13.3547
12.8796
12.871
13.0745
13.0889
13.3649
12.8338
13.1538
12.8324
13.1648
13.0203
12.8834
13.1173
12.9151
13.1336
13.083
12.6932
12.9632
12.7049
12.8807
12.4344
12.9438
13.0423
12.623
12.8315
13.2662
13.1341
13.1209
12.6596
13.026
13.1253
12.9309
12.8003
12.8551
12.5949
13.1953
12.9813
13.238
12.8476
13.1925
12.9327
12.6318
13.3571
12.96
13.069
13.0729
12.8253
13.3596
13.3198
12.7781
12.8915
13.2835
12.7351
12.8805
12.7646
12.8573
12.6397
13.0947
12.4448
13.0264
12.8327
13.2037
12.772
12.8103
12.771
13.2741
13.2677
12.8467
12.8349
12.7425
13.274
13.0327
13.0867
13.4229
12.9011
13.0232
12.7168
13.2882
12.8377
13.0421
13.4151
12.9706
12.9196
12.6971
12.6282
12.6026
12.7161
13.3419
12.9759
12.7451
13.1126
13.2749
13.3017
13.3783
12.9004
13.1224
12.8439
13.1616
13.0023
12.9393
13.0658
12.9626
12.8218
13.1554
12.8539
12.7324
12.8982
12.8048
12.7677
13.0434
12.8467
12.5871
12.8087
12.8283
13.0415
12.8074
12.7631
13.0737
13.3565
12.9995
13.1567
13.174
12.9233
13.1675
12.597
12.7992
13.2285
12.732
12.9638
13.0453
12.9279
12.7297
12.8149
13.1044
13.1544
12.9674
12.8259
12.9308
12.9271
12.5486
12.7955
12.9241
13.3913
12.5103
12.9394
12.5974
13.1331
13.1916
12.9631
13.0561
12.5223
13.1223
13.3755
12.5824
13.4126
12.7576
12.9667
12.7875
12.833
12.9295
13.3212
12.8702
12.9666
13.1478
12.7503
12.5297
13.3359
12.3322
13.3501
12.8438
12.5291
12.5957
13.0951
13.25
13.1702
13.1264
13.0161
12.4794
13.1305
12.9109
12.6476
12.9629
13.0419
12.9102
12.8734
12.8572
12.5607
12.982
12.9219
13.0278
13.1135
12.5874
12.941
13.3654
13.0066
12.6089
12.8599
13.1781
13.2185
13.1052
12.426
12.721
13.2462
13.2127
13.1294
12.998
12.9451
12.6871
12.9131
13.2969
13.2835
12.9618
12.8096
12.8874
12.8463
12.9495
12.7873
12.8391
12.3984
12.5994
12.4333
12.9102
12.9475
12.6308
12.4437
13.0761
13.4968
13.6046
12.7786
12.9886
12.7775
12.9886
13.0734
13.0977
12.9733
12.4463
13.1975
12.5756
12.7777
13.0504
12.4754
13.1246
12.7932
12.8366
13.1249
12.863
12.8692
12.6186
13.2985
12.8217
12.8057
13.0576
13.2119
12.8686
13.1226
13.3173
13.1612
12.3906
12.8571
12.9014
12.7412
12.6871
13.1369
12.6764
12.8242
12.9288
12.684
12.5808
13.2344
13.1151
13.2947
12.4918
12.94
12.9512
13.0996
12.9875
13.1261
12.8317
13.0974
12.8414
13.1605
13.2903
13.0842
13.1077
12.7128
12.7389
12.9704
12.8232
13.1166
12.944
13.0495
12.9062
12.623
12.6437
13.2646
12.9849
13.2111
12.7904
13.2548
13.0011
13.0865
13.0853
12.6834
13.0851
12.7386
13.3235
13.2286
13.1801
13.0872
12.6889
12.6385
12.9288
12.9207
13.237
12.7203
12.8614
12.8994
12.9219
12.749
12.6794
13.1404
12.9284
12.8788
13.0028
12.8863
12.892
12.7813
12.8695
13.2337
12.9784
13.1093
13.2158
13.1191
12.879
13.0037
13.2084
12.7112
12.9391
12.7045
12.7824
12.8028
12.8289
12.8977
13.1125
12.7254
13.1946
12.7911
12.8268
12.9577
13.0215
12.855
12.5988
12.9196
13.0282
12.5308
13.2445
13.0367
13.4354
12.5185
12.8907
12.8944
13.1524
12.8603
13.0923
12.6382
12.8998
12.5332
13.3377
12.7145
13.1031
12.8672
13.0805
12.9941
13.214
12.7783
12.9228
12.8433
12.9903
13.0623
12.8563
12.5497
12.4912
12.8994
12.9731
12.8067
13.3812
13.0058
13.0421
13.1758
12.6737
12.7366
12.629
12.7106
12.7854
12.6545
12.7033
12.6281
12.5753
12.8694
12.9315
12.6859
13.023
12.404
12.799
12.6593
12.7881
12.6877
12.8934
12.7188
12.8689
13.3127
13.074
13.0262
12.8495
12.5733
13.1591
12.7184
12.7054
12.8579
13.165
12.6815
13.0164
13.0358
12.6412
12.8208
13.0597
12.5743
12.9429
12.4668
12.7918
12.1303
12.7634
12.8615
12.987
12.8077
13.0412
12.4795
12.765
12.5374
12.9351
12.6931
12.7228
12.7642
13.0298
12.5268
12.7751
12.9347
12.6478
12.6822
12.7588
12.9693
13.0821
12.9283
12.9002
12.9315
12.9354
13.1793
12.5886
12.5903
12.7632
12.8533
12.6552
12.8987
13.0987
12.3979
12.9669
12.4795
13.0403
13.016
12.8167
12.9719
12.2168
12.9383
12.9891
12.8099
12.5497
13.0315
13.0187
12.5969
12.9405
12.8725
12.8623
12.8501
12.9034
12.8793
13.113
13.558
13.0968
13.0341
13.0377
12.5416
12.615
12.9848
12.6794
12.7924
12.6217
12.5961
12.561
12.8337
12.9204
12.5971
13.006
13.3982
13.0404
12.9718
12.8189
12.8863
12.7092
12.9473
12.4745
12.6053
12.6221
12.7909
13.1467
12.7851
12.9133
12.4809
12.9345
12.5256
12.9055
12.8322
12.8346
12.6526
12.8753
13.0368
13.0121
12.8979
12.5199
12.863
13.0116
12.926
12.7203
13.0829
12.3617
12.8673
12.4826
13.3284
12.9311
12.7044
13.1302
12.7293
12.7297
12.9654
12.9697
13.2177
12.9681
12.9787
12.9796
13.1534
12.5368
12.6008
12.7341
13.0771
12.8428
12.5449
12.5907
12.9638
12.6735
12.5551
12.5764
12.7584
12.3594
12.9743
12.9451
13.0986
12.6646
12.7719
12.7983
13.1443
13.1399
12.8685
12.709
13.0392
13.0875
12.656
12.6091
12.6807
12.593
13.3024
13.0001
13.2379
12.7318
12.9434
12.7537
12.6774
12.8826
12.5605
12.7063
13.2066
12.8088
12.7358
13.0156
13.0396
12.9477
12.5037
12.4614
12.9665
12.9159
12.3645
12.8796
12.7454
13.1102
12.8921
12.7129
12.9842
12.7827
13.0093
13.1518
12.6078
12.9305
13.0419
13.121
13.1151
12.9474
12.9844
12.5808
13.2018
12.9336
12.8372
12.877
12.5563
13.054
12.9371
13.0524
12.6907
12.7778
12.9139
13.1098
13.185
12.5655
12.8882
12.5432
13.2538
12.8941
12.9362
12.9954
12.5338
13.4092
12.8817
12.9222
12.8501
12.652
12.916
13.1347
12.6697
12.9204
12.7304
12.7501
12.8261
12.7496
12.8791
12.6857
12.8919
13.0545
13.0089
12.6271
12.6803
12.5668
12.875
12.8333
12.9425
12.5021
13.1584
12.8238
13.0033
12.9417
12.5115
12.7438
13.0917
12.8821
12.7669
12.9423
13.0871
12.2862
13.0312
13.2859
12.6286
12.4362
12.6067
12.9808
13.2117
12.8859
12.7625
13.0629
13.118
12.9169
13.3512
13.1105
12.8165
13.1445
13.102
13.3586
13.2137
13.3619
12.6598
13.2257
13.421
13.0374
12.6628
12.9381
13.2754
12.982
12.8165
12.6301
13.2097
13.2602
12.9841
13.0546
13.067
12.8196
13.3532
13.4347
13.5962
13.2914
12.9906
12.6621
13.1083
13.1561
13.2167
13.0542
13.1395
13.2134
12.5031
12.8085
13.229
13.1558
13.2719
12.8998
13.2417
12.7644
13.113
13.2906
13.2022
13.1137
13.5053
13.0548
13.645
13.2665
13.0932
13.0493
13.1738
13.3726
13.1952
12.9541
12.8262
12.9619
13.6588
13.0274
13.2291
13.6346
13.0446
13.068
12.9255
13.431
13.0052
13.0255
12.6372
12.6973
12.6646
13.0824
12.487
12.5645
12.707
12.6844
12.9431
12.9318
12.9162
12.7045
12.5411
12.6085
12.9264
12.7862
12.5294
12.6063
12.8482
12.3987
12.4747
12.5846
12.8288
12.5607
12.5157
12.6302
12.8336
13.1509
12.6433
13.0252
13.0787
12.8148
12.7498
12.4636
13.2467
12.9945
12.6365
12.8179
12.8231
12.6303
12.6275
12.8197
12.2318
13.0877
12.7436
12.627
13.0125
12.4891
12.7251
12.6928
12.9623
12.8878
12.7427
12.7117
12.8639
13.0391
12.5177
12.7884
12.9058
12.9827
12.5241
12.6403
12.888
12.8091
12.7778
13.0419
12.9189
12.7594
12.7715
12.5648
12.9066
12.9827
12.6865
12.7363
13.0089
13.028
12.6467
12.8687
13.1569
13.2089
13.0792
13.2512
13.0588
12.76
12.9826
12.6442
12.8152
13.1181
12.5557
13.3086
12.7823
12.9955
12.553
12.4429
12.6532
12.9738
12.9411
12.8938
12.6618
13.0712
13.1124
12.8623
13.1042
12.674
12.6545
12.9805
13.0109
12.9237
12.5679
12.7306
12.6958
13.0035
13.1759
12.8608
12.7402
12.9946
12.8082
12.8612
13.2007
12.8316
12.5443
12.9727
13.0161
13.2243
12.5387
12.8304
13.1421
12.7705
13.1063
12.8461
12.7821
12.8165
12.8631
12.8541
12.7374
12.7794
12.9158
12.9735
13.2421
13.2573
12.8874
12.8713
12.9263
12.9566
12.7788
13.2926
13.3429
12.8666
13.128
12.8341
13.1999
13.0226
12.9619
13.1798
12.7432
13.0101
13.1725
12.9651
12.2624
12.9306
13.2324
12.8435
13.0136
12.8476
12.783
13.0067
13.194
13.0856
12.6629
12.9144
12.8678
13.027
13.0572
13.4504
12.9999
12.9866
12.8086
12.9726
12.9164
12.6134
12.963
12.9567
12.96
13.0739
12.9206
12.7966
12.9321
13.3918
12.8922
12.9355
12.8627
12.9232
12.7815
12.6415
12.7604
12.7865
13.2437
13.0279
13.0325
13.3357
13.0232
13.2029
13.0779
12.9682
13.0218
12.9714
13.0088
12.7887
13.0453
13.5623
12.5612
12.6974
12.6691
13.2439
13.3861
13.061
13.2171
12.8723
13.2194
13.2241
12.6814
13.0636
12.8908
13.1787
13.0554
12.8919
12.8343
12.8003
12.9985
13.1909
13.0639
13.0019
12.9009
12.4789
13.0641
13.0513
13.0614
13.1013
12.9606
13.2052
13.13
13.3549
13.3003
13.2984
13.2114
12.7988
12.8983
13.1564
12.7799
12.5337
13.058
13.1551
12.9407
12.9652
12.9895
12.9092
13.486
13.0009
13.4991
12.9521
13.2655
12.9322
12.9263
12.9065
13.0599
12.8188
13.105
13.1692
13.0257
13.1883
12.8865
13.0457
13.0595
13.1181
12.9992
13.1074
13.2684
13.0014
12.6515
12.9593
12.8433
13.2309
12.597
13.3308
12.6024
13.0931
12.8747
12.9206
12.5912
13.2358
13.2664
12.885
13.038
12.955
13.3174
13.3037
13.3014
13.1843
13.3703
13.2677
12.9565
12.975
12.4936
13.2483
13.1979
12.7252
13.4195
13.1976
12.9391
12.9488
13.3973
13.3186
13.0494
13.2458
12.921
12.903
13.3136
13.0862
13.0346
13.0648
13.1189
13.1676
13.1054
13.2118
13.2883
12.9611
13.0723
13.2803
13.1867
12.9556
12.9427
12.9214
13.3448
12.8298
12.6854
12.7627
12.9349
12.7106
12.8279
12.9355
12.9621
13.0735
12.7936
13.1866
12.9704
13.1255
12.7292
13.1474
12.9547
12.8299
12.6483
12.9185
13.2154
12.9931
12.9573
13.0427
12.8408
13.0111
12.9271
12.9842
13.2333
12.8821
12.9838
13.0825
12.9668
13.1317
12.5886
13.0509
12.7781
12.8369
12.9641
12.7446
12.8018
12.802
13.1082
12.9435
12.5812
12.8717
13.2805
12.8277
13.1733
12.965
12.8847
12.8516
12.7284
12.779
13.0533
13.1805
13.0205
12.798
12.8608
13.018
12.3564
12.7101
13.2044
13.1336
12.9342
12.7722
12.7129
13.0429
12.8626
12.8826
12.5597
12.9204
12.5456
13.0471
13.1939
13.0737
12.6231
13.1637
13.2551
12.7739
12.8388
13.0504
12.7579
12.9681
13.3115
12.895
12.5928
12.8979
13.1219
13.0267
13.1282
13.3043
13.0782
12.9406
13.0451
12.8744
12.8126
13.3397
12.4915
13.184
12.9689
12.9707
12.7702
12.7869
13.0355
12.592
12.8488
13.0203
12.8291
13.3159
13.3967
12.7673
12.8928
13.3673
13.5299
13.0016
13.0835
12.9429
12.8842
13.2426
13.0922
12.9765
12.9397
13.1977
12.8428
13.0603
12.8272
12.7658
12.9182
12.819
12.723
13.0985
12.91
12.7475
12.7761
13.1088
12.9307
13.0265
12.9845
13.2858
13.1446
12.634
13.0622
13.1135
12.7023
13.1963
13.2273
12.9927
13.1523
12.6371
13.101
12.7129
12.932
12.3203
12.7278
12.9785
12.8823
13.4727
12.6066
12.8529
12.8465
13.2531
12.699
12.9928
12.9586
12.8257
12.9782
13.0145
12.7477
13.3443
12.9248
12.5613
12.7835
12.6979
12.8075
13.0373
12.4161
12.2983
12.5773
13.2112
12.9826
12.6861
12.7652
13.0719
12.8181
12.5924
12.6295
13.0326
12.7608
12.722
12.4914
12.8145
13.1282
12.7283
12.7886
13.0686
12.5482
12.8747
12.754
12.5198
13.1845
12.8113
12.5287
12.9477
12.9978
12.6115
12.8419
13.0119
12.9117
13.2953
12.4653
12.7228
12.51
12.5702
12.5116
12.328
12.7223
12.7626
12.946
12.7361
12.3844
12.9541
12.7938
12.7623
13.06
13.1791
13.6248
12.6881
12.8752
12.7237
13.0037
12.8595
12.8479
13.1498
12.6583
12.9929
12.481
12.7841
13.1574
13.221
12.9517
12.7495
12.9462
13.0727
12.7481
13.0023
12.9229
13.0342
12.6091
12.9831
13.1305
13.0695
12.7268
12.4476
13.1683
12.6028
13.1569
12.8507
13.2813
12.7126
13.0235
13.3105
13.424
12.7552
12.8529
12.9246
13.0763
12.9274
12.6121
12.6836
13.2984
12.5765
13.2537
12.9766
13.241
13.1502
12.8381
12.6022
12.9169
12.8687
13.0099
12.6233
12.8325
12.7957
12.5458
12.7599
13.1239
12.6905
12.9161
13.045
13.3501
13.031
13.1199
12.6981
13.379
12.8163
12.9097
13.2999
13.3039
13.2179
12.8011
12.677
13.3221
12.8554
12.6113
13.1243
13.0338
13.0845
13.0279
13.2269
12.9086
13.0311
13.0832
12.8306
12.7321
13.1895
12.7041
13.4621
12.5768
13.0241
13.3464
12.9905
12.9159
12.8459
12.876
12.9862
12.6583
13.0428
13.0876
12.7681
13.1062
13.0002
12.9723
12.9321
13.0693
12.5903
13.1439
12.6379
13.0248
13.0356
12.6863
12.8284
13.0526
13.0354
13.0122
13.0372
12.6433
13.3698
12.8148
12.998
13.0762
13.2376
12.8287
13.2095
12.7043
12.8504
12.8854
12.7195
12.9591
13.0152
13.2858
13.2507
13.4303
12.8217
12.5471
13.1384
13.177
13.0033
12.7252
12.7903
12.9438
12.8209
13.0947
13.4519
12.8559
12.9405
13.0997
13.0831
13.0101
12.5499
12.799
12.9615
12.8572
13.0373
13.0197
12.5547
13.2913
13.0953
12.5863
12.7638
12.9044
12.8312
12.5514
12.6931
13.1891
13.167
12.8539
12.6604
12.8945
13.0815
12.9902
12.7488
12.8695
13.0947
13.0662
13.1523
13.0275
12.6155
13.0316
12.9689
13.1446
12.852
12.823
13.241
12.9797
13.1449
13.003
13.4177
13.1546
13.1267
12.9512
12.9252
13.1481
12.998
13.4
13.0508
13.1624
12.8994
13.2881
13.2291
13.2198
13.114
13.2248
13.0538
13.5985
13.416
13.2694
12.9432
13.2455
13.1527
13.2475
13.1062
13.3557
12.8407
12.6715
12.8537
13.0641
12.9772
12.7951
13.144
12.952
12.7432
13.2152
13.1259
12.9741
12.7602
13.1152
13.1945
13.1422
13.1514
12.9489
13.0312
12.903
13.1975
12.8812
13.159
13.3711
13.0391
13.0239
12.996
12.9859
13.0251
13.259
13.1478
13.2901
13.2723
13.2213
13.0828
13.0674
12.5946
12.8759
12.9037
12.4306
12.6555
12.6776
12.6833
12.7839
12.5524
12.609
12.8608
13.1095
12.8325
12.7154
12.6369
12.9938
12.8134
12.6609
12.8328
12.8292
12.6004
12.5203
12.2913
12.1805
12.4533
12.9333
12.6194
12.9198
12.63
12.4474
12.7608
12.6818
12.8743
12.5523
12.6226
12.5029
12.9053
12.3968
12.6764
12.4856
13.1026
13.0391
12.9159
12.5665
12.9518
12.9525
13.0837
12.7076
13.1911
12.8011
13.0268
12.6314
12.9736
12.773
12.7403
12.3347
12.802
13.1015
13.0368
12.5987
13.173
12.8552
13.0416
12.9866
12.8946
12.7668
12.6374
12.5825
12.6275
13.0635
13.3195
12.8065
12.8445
12.8566
13.1729
13.2048
13.2184
12.9358
12.8465
13.0087
13.0389
12.9357
12.9694
12.7918
12.9107
12.708
13.2617
13.0088
13.0134
13.3352
13.0833
12.7118
13.2336
13.2343
13.1777
12.7515
12.9484
13.1819
13.002
12.9612
12.8487
12.7674
12.9204
12.99
13.0168
13.2305
12.682
12.7487
13.0865
12.7019
13.0067
12.9022
13.0467
13.4188
13.2015
12.6983
12.7657
12.8204
13.1913
13.2186
12.7581
12.922
13.0312
12.9839
12.9741
12.5328
12.8641
13.0028
12.9625
12.8919
12.8694
12.8154
12.7536
12.7435
13.1191
12.8011
12.8239
12.7107
12.6254
12.558
13.1421
13.2762
12.6043
12.6526
12.753
12.9473
13.0467
12.2986
12.7633
12.8802
12.8577
12.8105
12.9368
12.7489
12.8984
12.339
13.0594
12.7193
12.7977
13.0195
12.6966
12.6447
13.0697
12.9509
13.0626
12.7307
12.7383
13.032
12.6237
12.7794
12.7038
12.8549
12.6643
12.8797
12.5302
12.6555
12.8464
12.7532
12.9718
12.7838
12.681
12.7833
12.661
12.909
13.0414
12.577
13.0712
12.4293
12.6741
12.9195
12.7903
13.2864
12.9014
13.5321
13.1255
12.6815
12.8231
12.7813
12.776
12.8056
12.7279
12.9527
12.5555
12.9824
13.0171
12.7513
12.668
12.7739
13.0156
12.8345
13.3147
12.9516
12.8036
13.0602
12.6209
12.9871
12.8784
13.1138
13.0206
13.3537
12.961
12.9114
12.8949
12.454
12.9767
12.8634
12.8205
12.4108
12.7475
12.9121
13.1137
12.7286
12.9165
12.7325
12.9645
12.5068
12.9747
12.7766
12.9314
12.965
13.1219
12.5382
12.8211
13.2483
12.9116
12.734
12.8698
12.5285
12.8233
12.7633
12.8965
13.0807
12.9308
12.5708
12.6654
13.0689
12.781
12.9399
12.614
12.64
12.6993
12.9808
12.6946
12.9384
12.7934
12.5662
12.8427
12.8433
12.8415
12.7265
12.419
12.741
12.9352
12.6518
12.9091
13.1013
12.7953
12.9872
12.6715
12.8793
12.9642
13.1434
12.6424
13.3002
13.095
12.7349
13.1312
13.0687
12.8026
12.5449
12.9454
12.9986
12.6966
12.5369
12.4814
12.681
13.0297
12.798
12.9098
12.9121
12.6536
13.1942
12.7494
12.4889
12.7885
12.8571
12.9959
12.7946
12.7632
12.8951
12.6447
12.6272
12.9272
12.3844
12.7444
13.0801
12.9387
13.1629
12.7023
12.6339
13.0095
12.7969
12.5525
13.302
12.69
13.0908
12.4856
13.0931
12.9695
12.7663
12.9272
12.9862
12.7987
13.0784
12.5676
12.7429
12.9655
12.4747
12.7573
12.915
13.0667
12.9682
13.0259
12.9117
12.6508
12.9485
12.6619
12.6425
12.9588
12.8695
12.7657
12.9072
12.5233
13.0716
12.7387
12.4787
13.1142
12.7726
12.697
13.1379
13.0781
13.5914
13.4235
13.0437
12.7978
12.7989
13.1976
12.9407
12.9648
13.1434
12.5307
12.9914
12.8728
13.1333
12.8537
13.1687
12.9798
13.1322
12.8201
12.7525
12.8415
13.4185
12.8589
12.8295
13.4328
12.9617
13.1888
12.9814
12.843
12.5443
12.8786
12.9752
12.6856
12.9052
13.0731
12.8781
13.0672
12.7768
13.3259
12.9469
12.8833
13.0465
13.1546
12.8143
12.6555
12.7086
12.9667
12.6562
12.9344
12.5684
12.6483
12.8451
12.8331
12.7908
13.1355
12.9607
12.9724
13.0293
13.0478
12.8728
12.8888
13.1079
13.0693
13.0566
12.8239
12.8553
12.8862
12.4512
12.7132
12.8929
12.9023
13.0524
13.0898
12.8956
12.7747
13.1543
12.4302
13.1645
12.6106
13.2514
13.1088
12.7905
12.7753
12.5857
13.1224
12.9952
13.1239
12.4963
12.9768
12.8484
13.0403
12.9153
12.8996
12.8011
12.4061
12.7676
12.8342
13.1002
13.1568
12.7409
13.2866
12.9717
13.2032
12.7756
12.7772
12.7634
12.6142
13.1031
13.2258
13.1087
13.0628
13.3672
12.5881
13.0396
12.7647
12.8228
13.1854
12.9263
12.9754
12.9602
12.5491
13.1445
13.0898
12.948
13.0571
12.6833
12.7553
12.6548
12.8037
13.1439
12.6082
13.1404
12.8415
13.2623
12.8425
12.8312
12.5736
13.0538
13.0828
12.4933
12.9232
12.7778
13.2886
12.4222
12.8049
13.0473
13.1669
12.5228
12.8438
12.7416
12.5896
12.8282
12.6149
12.8322
12.9408
12.9693
12.5601
12.6724
13.3002
12.9944
13.1235
13.1182
12.9443
12.5777
12.5279
12.8131
12.8399
12.7255
12.7184
13.2481
12.7298
12.8822
12.7528
12.7309
12.9281
12.8974
12.9004
12.5887
12.7202
13.0598
12.7369
12.8717
12.2865
12.2369
12.9934
13.0832
13.202
12.6344
12.7899
12.6411
12.7366
12.6468
12.211
12.8054
12.4719
13.0787
12.4651
12.9891
12.6576
12.6567
12.3963
13.1934
12.9962
12.6755
12.7491
12.835
13.1643
12.5992
12.7951
12.4293
13.1977
12.6568
13.2428
12.5215
12.7886
12.5724
12.8416
12.844
12.6812
12.683
12.8722
12.8347
13.0562
12.7165
12.8302
12.7036
12.7736
12.9215
13.0644
13.0511
12.9227
13.0196
12.5173
12.9656
12.8503
13.0806
13.0702
12.7134
12.5777
12.927
12.8958
12.8869
12.7529
12.7922
12.9827
12.7515
12.7979
12.7867
13.064
12.9773
12.5143
12.6072
13.2913
13.1037
12.5739
12.9183
13.1729
12.9339
13.0799
13.0483
13.3581
13.3241
13.4011
12.7561
12.832
12.9888
13.0146
12.945
13.0714
12.8677
12.6457
12.7857
12.4901
12.5258
12.5689
13.0842
13.0865
13.0882
12.6815
13.1776
12.8227
13.0111
12.7279
13.1213
12.378
12.863
12.9133
13.007
12.8819
13.0891
12.6067
13.1381
13.0199
13.104
13.1129
12.8134
12.8315
12.9881
13.0048
12.6224
12.8732
12.9036
13.3933
12.7866
12.8999
12.9765
12.9133
12.9731
13.162
13.3606
13.484
13.0911
12.8467
12.9378
12.4366
13.0499
13.5028
12.5029
12.9562
13.4699
12.5011
13.3908
12.4232
12.8623
12.9133
13.1163
12.5935
13.0314
12.6724
13.1946
13.207
12.7393
13.1896
12.7818
12.6942
13.0614
12.5521
13.0658
12.8794
12.8043
12.9107
12.9825
12.5792
13.0875
13.2258
13.187
13.0638
12.8955
12.6452
13.1366
12.8817
13.374
12.9129
12.8321
12.9269
13.1168
13.1286
13.4229
13.2772
13.0633
12.5925
12.7106
12.8433
12.7326
12.8234
13.1594
13.215
13.0009
12.8879
12.8457
12.7965
12.9234
13.0251
13.1235
13.0375
13.0854
13.0987
13.0843
12.8802
12.9367
13.2601
12.8246
12.9341
12.7911
12.881
12.7009
12.4961
13.1434
12.8535
12.8683
12.4333
13.0019
12.6676
12.7454
12.8131
13.1894
12.9658
12.7153
12.5893
13.0434
13.1591
13.4298
12.8976
13.0981
12.8413
12.6727
12.8047
13.1261
12.8307
12.7887
13.0909
13.1124
13.0741
12.7104
12.9808
12.7069
13.2226
12.6872
13.0519
12.741
12.951
13.1127
13.0926
12.8949
13.1431
12.8805
12.7267
12.8507
12.7265
12.5337
13.1193
12.8094
13.3134
12.8631
12.8528
13.1317
13.0299
12.5834
12.9783
12.9739
12.9414
13.1311
12.9701
13.0782
12.8136
12.8573
13.2871
13.0592
12.6369
12.642
12.9234
12.9489
13.2148
13.1411
12.8544
12.8605
13.1436
12.7576
13.0201
12.9946
13.1194
12.6107
12.9635
12.9142
12.8852
12.9678
13.1906
12.923
13.1841
13.0898
12.9674
13.179
12.9091
12.9688
12.9651
13.2014
13.0582
13.1747
12.5836
12.8221
12.881
12.591
12.7872
12.7676
13.0919
12.7916
12.6728
12.8362
13.2349
12.9333
12.8622
12.5424
12.8397
12.5825
13.0178
13.0283
12.871
13.1487
13.0987
12.7848
12.7132
13.0956
13.0207
12.9552
12.7706
13.0839
12.8959
12.981
13.0372
12.6808
13.0423
12.8591
13.139
13.0026
12.914
12.8371
12.9115
13.0771
12.9448
12.3892
13.1064
13.4215
12.64
13.2213
12.7597
13.2124
13.3482
12.9047
13.0204
13.1224
13.1703
12.5928
13.3498
12.9919
13.3234
12.5334
12.7762
13.0061
13.1628
12.7714
13.443
12.9672
13.0564
13.026
12.9506
13.3039
12.9229
13.0089
12.7416
13.0799
13.348
12.9256
13.1375
13.0632
13.2078
13.0441
12.7918
13.3059
12.7477
12.7105
13.383
13.2536
13.1288
12.6257
12.9587
13.4223
13.0897
13.168
12.7679
13.4334
12.9536
13.3325
13.3729
13.4899
13.0145
13.1386
13.3147
13.133
12.956
13.197
13.347
13.1323
13.0904
12.8864
13.1496
13.1036
13.069
13.2719
13.0937
13.4753
13.2234
13.0301
13.3254
12.7292
13.3891
13.2152
13.0175
13.0839
13.1077
12.9691
13.062
13.1697
12.7922
12.9896
13.2613
13.1647
13.1161
12.9296
13.3721
12.7209
13.0826
13.2001
13.4064
13.2277
13.3324
13.286
12.8803
13.0983
12.7362
12.9536
12.8677
12.7725
12.8839
12.637
13.2322
13.2791
13.5609
12.9907
13.6416
12.6291
13.1298
12.9444
12.7797
12.8846
13.1556
12.7284
13.0344
12.6042
12.8587
13.1132
12.9393
13.3996
13.2946
13.1323
12.8541
13.075
13.4758
12.9365
12.6616
13.0463
13.145
12.9647
13.3733
13.0299
12.7608
13.1667
13.2123
13.1897
13.0286
13.0796
13.2162
13.1378
13.2369
13.3211
13.1108
12.9774
12.9264
13.2052
13.0909
12.9226
12.9095
12.7419
12.6716
13.063
13.0116
13.1035
12.5161
12.9778
12.947
12.4238
13.1471
13.1527
13.0098
13.1678
12.968
12.8157
13.0275
12.9211
13.2999
12.7489
12.8842
12.8809
12.7508
13.3001
13.1857
12.8534
13.1454
13.0493
13.1687
12.7872
13.0353
12.8132
12.6508
13.1691
12.9306
12.4187
13.3049
13.0845
12.8748
12.6973
12.6377
12.9305
12.6092
12.8363
12.7356
12.8864
13.0703
12.6888
13.0814
12.4365
12.64
12.7555
12.7945
12.9959
12.791
12.696
13.0175
12.8668
12.7897
12.3826
12.9226
12.8196
13.1071
12.8569
12.9461
12.7152
13.144
12.977
12.6571
12.6375
12.9108
12.7221
12.5838
13.0948
12.7322
12.7962
12.823
13.0964
12.803
12.7767
12.6904
12.6074
12.4763
12.6104
13.2056
12.8765
12.7931
12.5984
12.3746
12.7829
12.6822
12.8063
12.9717
12.918
13.0742
12.5728
12.9658
13.0043
12.7995
12.8591
12.8914
12.6099
12.8653
12.6049
12.5435
13.1464
12.9891
12.7716
12.9874
12.5971
12.9314
12.8818
12.834
12.7708
12.4737
12.6962
13.1521
13.0594
12.2186
12.7392
12.7526
13.0345
12.9423
12.7859
13.5663
13.1327
12.88
12.9027
13.0642
13.1291
13.0949
12.7088
12.8637
13.0197
12.9664
12.751
13.0624
12.8297
13.2024
12.4125
13.026
12.4485
13.3794
12.9357
12.9824
13.1435
13.015
13.0125
12.8739
12.7703
13.1662
12.9147
12.9092
12.6808
12.7989
13.0581
12.7764
13.2676
12.6642
13.0202
12.8338
12.9323
12.8923
12.6861
13.1166
13.0754
13.234
12.7009
13.0399
12.7778
12.9868
13.0699
12.9191
12.8533
12.8354
13.0486
12.7839
12.7371
12.4875
12.9238
13.0858
12.7799
13.1816
12.6184
12.9039
12.7157
13.1574
13.233
13.1742
12.9636
12.966
13.1885
13.0801
12.9753
12.7935
12.9964
12.7101
12.9363
12.8028
13.0791
12.6216
12.5822
12.7663
13.1842
13.0965
13.0341
12.8241
12.811
12.7198
12.5817
12.8659
12.8566
12.6166
12.6886
12.6979
13.0056
12.9157
12.9107
12.7596
12.77
12.9133
12.7009
12.9279
12.7376
12.8301
12.8883
12.1637
13.1945
13.1697
12.6191
13.151
12.4432
12.71
13.4436
13.0061
12.7156
13.0412
12.8299
13.1738
13.071
12.767
13.0553
12.939
13.1376
12.8844
12.6901
13.2451
12.7081
13.2587
13.1705
13.1078
13.1255
12.9213
12.728
12.651
13.0503
13.2177
13.2982
12.7565
12.8499
12.6862
12.7421
13.2312
12.6676
12.958
12.946
12.8331
13.3171
13.0985
13.0256
13.1514
12.9679
12.9843
13.0892
12.6504
13.2178
13.1989
13.0262
12.7067
12.7035
12.858
13.158
12.9361
12.4784
12.8455
12.8961
13.2382
13.2061
12.8214
13.3345
12.6976
13.0894
13.3106
13.4072
12.7119
12.8344
13.0072
13.0533
12.9089
13.0265
12.7931
12.4861
12.4202
13.022
12.7791
12.6813
12.6366
12.5677
12.4748
12.8688
12.7168
12.7094
12.8817
12.949
12.6122
12.9911
13.0241
13.1462
12.5006
13.0005
12.7036
12.8449
12.9409
12.8261
12.7091
12.5849
12.4408
12.369
12.6267
12.7233
12.8602
12.845
12.7296
12.7573
13.2257
12.9393
13.4387
12.7763
13.1563
13.0833
13.6343
12.6846
12.7839
12.7864
12.8635
13.328
13.1388
13.214
13.1536
12.5281
13.0948
12.7348
12.973
13.0779
12.6664
13.0547
12.9935
13.0852
12.8865
12.2353
13.2041
13.291
12.7407
12.8462
12.5144
13.023
12.6044
12.8519
12.9617
12.5713
13.0573
12.9212
13.0183
12.7896
12.5988
13.0078
13.6156
12.4601
12.9797
12.9052
12.5531
12.5167
12.6843
12.9595
12.9194
12.9953
12.9547
12.9693
12.9171
12.9005
12.4685
12.8243
13.1033
12.8456
12.4364
12.6317
12.7164
12.9769
12.8889
12.5234
12.6975
12.9495
12.7028
12.8225
12.8362
12.9969
13.1074
12.977
12.7599
12.9969
12.73
12.9187
12.7835
12.734
12.6817
13.03
12.3701
12.8999
12.7438
13.095
13.2119
12.5148
12.8927
12.9803
12.788
12.9124
13.0542
13.4221
13.0863
12.9841
12.6842
12.8076
12.8923
12.5484
12.7715
13.0672
13.1764
12.5201
12.8305
12.9809
13.0313
12.539
12.8461
13.1105
13.0723
12.6953
12.9633
12.8498
13.0563
12.8112
12.787
12.9743
13.0983
13.1591
12.7226
13.2605
12.6226
12.7506
12.6911
12.4397
13.2467
13.1387
13.1774
13.1137
12.957
13.1006
12.8945
13.0253
12.931
12.9343
13.0789
13.0805
13.0308
13.1431
13.0483
12.9293
12.8673
12.2977
12.4477
13.1555
12.9328
13.0285
13.2721
12.4486
12.4228
12.7796
13.0791
13.0726
12.5841
13.1896
12.9304
13.2337
12.9556
12.635
13.0862
12.9827
13.1606
12.8735
12.9206
13.0446
13.012
12.7206
13.2574
12.5647
12.7182
12.7192
13.3442
12.9584
12.6418
12.7091
12.8516
13.0135
12.6515
13.0141
13.0523
12.8428
13.3985
12.9365
12.7599
13.0481
12.5794
13.0273
13.0443
13.2291
13.3156
13.0819
12.9563
12.714
13.1564
13.152
12.6312
13.0364
13.3919
12.7999
13.2826
12.4772
12.7636
12.7182
12.5274
12.5856
12.8592
13.1579
13.0224
12.8865
13.048
13.0512
12.5
12.9138
13.0035
12.8676
13.04
12.7894
12.7031
12.9652
12.6166
12.6137
13.2233
13.2859
12.7043
12.5817
12.4651
12.9455
12.6859
12.5842
12.845
12.8059
12.9615
12.9699
12.9045
13.0408
13.0753
12.9474
12.8032
12.944
13.0393
12.7468
12.5781
12.9534
13.0689
12.306
12.7834
12.8392
13.0066
12.7614
12.8601
13.1292
12.7778
12.8834
12.565
12.7769
12.9762
13.0143
12.9115
12.8834
12.8186
12.6929
13.153
12.9452
12.6525
13.0604
12.8908
12.8393
12.9725
12.6579
12.9949
12.9057
13.2747
13.2401
12.8974
12.7786
12.9812
12.9037
12.6577
12.7973
12.6802
12.603
13.2174
12.8321
12.8739
13.3469
12.5172
12.8187
12.989
12.7335
12.8485
12.8863
13.0453
12.9195
13.2137
12.818
12.9103
13.1686
12.5504
12.9181
12.8794
12.9972
12.7323
13.3774
12.7098
13.129
12.8548
13.0267
12.6229
12.9013
12.8429
12.7268
12.8186
13.1966
13.1258
12.8799
13.1305
12.7555
12.5856
12.9704
12.8688
12.8255
12.8309
12.7418
12.4113
12.9235
12.9352
12.6568
12.5707
13.2341
12.3478
12.3498
12.7539
12.9789
12.9557
12.8156
12.7442
12.8859
13.0439
12.7633
12.719
13.0071
12.7611
13.3226
12.8525
13.346
12.6675
12.9619
12.9277
13.137
12.6313
13.1411
13.2169
12.9503
12.9861
13.1225
13.3235
12.9492
12.9893
13.2453
12.9314
12.8227
13.1671
12.9539
12.6172
13.2094
13.3288
13.2237
12.8545
12.7292
12.8489
12.9423
13.3525
13.1546
12.5316
12.8965
12.8999
12.7217
13.5068
12.7734
13.0443
13.1277
12.8001
13.0143
12.9051
12.776
13.0564
13.2781
12.6548
12.9523
13.2629
12.9479
12.4599
12.8163
13.054
13.1974
12.8769
12.9315
12.5015
13.1219
13.0251
12.4983
12.4653
12.6672
12.8406
13.1062
12.6702
12.9759
12.7159
12.8559
12.7963
12.9481
12.3905
12.8282
12.8051
12.9744
12.6467
12.8435
12.7854
13.1412
12.6366
12.7826
13.0392
13.0811
13.0043
13.1133
12.7359
13.0796
12.8614
13.0418
12.9788
12.7455
13.1359
13.039
13.2192
12.6697
13.178
12.5872
12.621
12.8848
12.7439
13.3744
13.0963
12.6625
13.1483
12.8302
12.8175
13.379
12.9433
12.8038
12.9021
12.9225
13.1785
13.0586
13.0669
12.5572
12.8507
12.7402
12.9828
12.7206
12.9375
12.677
12.9831
12.5351
13.0836
12.9379
13.0263
12.6354
12.9968
12.9149
13.0112
12.6139
12.8987
12.7836
12.9981
12.926
12.5432
12.7702
13.0644
13.1149
13.2359
12.8465
12.7184
12.9375
12.7919
12.7911
13.216
13.0669
12.661
12.8688
12.7863
12.8387
12.5493
12.8319
12.4572
12.9857
12.6194
12.9925
12.7674
12.8298
12.761
12.7983
13.2969
13.0974
12.8192
13.1897
12.6486
12.9427
13.2049
13.0095
12.7564
12.9479
12.3899
13.3047
12.6473
13.2853
12.5241
13.0419
12.7935
12.79
12.7888
12.7326
13.2821
13.0864
13.2874
12.9273
