9.52009
9.40793
9.1798
9.72828
9.34247
9.03286
9.11385
9.55327
9.2573
9.6044
9.47719
9.39137
9.50898
9.4579
9.47562
9.31678
9.53051
9.4946
9.12916
9.25019
9.30353
9.10477
9.80548
9.22628
9.1967
9.14444
8.88911
9.18479
9.23543
8.94803
9.78263
9.62163
9.18785
9.24362
9.21098
9.16964
9.26632
9.1822
8.89483
9.42109
9.31605
9.38175
9.22386
9.35971
9.58158
9.21412
9.11477
9.34014
9.56982
9.31562
9.40881
9.57652
8.99294
9.27287
9.50896
9.11685
9.3847
9.42166
9.23441
9.35892
9.21754
9.26819
9.06776
9.38207
9.29298
9.23966
9.49194
9.22961
9.31122
9.1832
9.30024
9.2915
9.27399
9.17139
9.10815
9.33555
9.20242
9.21454
9.58354
9.08558
9.42349
9.04947
9.56354
9.11187
8.81531
8.95429
9.14457
9.1957
9.42249
9.21582
9.72496
9.30379
9.14534
9.28757
9.27404
9.48856
9.35058
9.66812
9.20425
8.84569
9.58094
9.1131
9.60801
9.46296
9.36533
9.72234
9.15287
9.12733
9.11903
9.57185
9.02414
9.45323
9.05997
9.63468
9.71568
9.70909
8.99258
9.34458
9.49363
8.732
9.56114
9.3846
9.30659
9.569
9.25344
9.16781
9.48903
9.13916
9.33002
9.33924
9.11639
9.23956
9.32464
9.18027
9.10847
9.07284
9.77085
9.40603
9.19527
9.27538
9.15299
9.38662
9.74218
9.43936
9.07189
9.80777
9.56662
9.24224
9.18495
9.23393
8.92924
9.26345
9.60088
9.40905
9.65426
9.28365
9.25201
9.32428
9.3152
9.74483
9.30899
9.52123
9.41545
8.99768
9.72823
9.07872
9.31645
9.39256
9.08217
9.19004
9.4292
8.84353
9.42442
9.591
8.97346
9.59166
9.42508
9.31449
9.41404
9.0074
9.69613
9.46287
8.68134
9.39969
9.12606
8.90738
9.51327
9.33524
9.40456
9.42801
9.28801
9.33322
9.56742
9.35554
9.08583
9.65579
9.51215
9.1633
9.03204
9.15899
9.13086
8.71967
8.92566
9.09875
8.72788
9.17205
9.29588
9.30707
9.25982
9.03576
8.96991
9.10909
8.91021
9.10714
9.1944
8.98611
8.55068
9.2008
9.23617
9.41451
9.36324
9.10632
9.27825
9.18476
8.85794
9.04844
8.79532
8.97927
9.04759
9.46454
8.95991
9.09616
9.17585
9.36581
8.79359
9.06364
8.91758
8.66279
9.04484
9.32549
9.17342
9.22974
9.24625
9.05085
9.15903
9.09608
9.09331
9.05971
8.86517
9.13175
9.32015
9.13436
9.09233
9.19274
8.81932
8.95834
9.15532
8.95867
8.87086
8.95319
9.46043
9.16456
8.73098
9.45185
9.19227
9.08979
8.85939
8.79721
9.00578
9.33254
9.21386
9.1115
8.86629
8.92222
8.95611
8.84748
8.81183
9.20248
9.02911
8.9609
9.12656
9.34189
8.66567
9.36042
9.47839
9.04853
9.23585
8.68317
9.19304
9.21379
9.04329
9.08043
9.24392
9.33353
9.26071
8.80492
9.0035
8.69167
9.36745
9.05954
9.63151
8.96011
9.19693
9.572
8.92661
8.71967
9.00119
9.20821
9.09777
9.2335
9.76852
9.21898
8.92778
9.28873
9.10621
9.06977
9.02435
9.07576
9.39408
9.31036
9.41663
9.24959
9.19535
9.08034
9.26781
9.331
9.14332
9.02345
8.82719
9.07859
8.89827
9.02957
9.18902
8.97632
9.30902
9.20053
8.85391
9.15264
9.03936
9.17178
8.95605
8.96709
9.37197
8.42542
8.95237
9.26239
9.13802
9.06654
8.54283
9.26317
9.18969
9.20985
9.34034
9.11111
9.01039
9.06448
8.65518
8.84321
8.82123
9.06678
8.87287
9.17695
9.1729
8.95707
9.15123
9.05443
9.1561
9.10347
9.14605
8.82933
8.85658
8.93906
9.10436
9.28326
8.71212
8.97522
9.0552
8.90014
9.14779
9.40751
9.14712
9.33692
9.30624
9.20795
8.9595
8.90239
8.82234
9.05813
8.63776
8.89449
8.93063
9.60694
9.39613
9.15664
9.14051
8.87552
9.20951
9.42417
8.89474
9.02172
8.67031
8.9281
9.17213
9.15669
9.0252
9.32852
9.37318
9.00425
8.88036
8.90072
8.97117
9.27862
8.92852
8.89615
8.93557
9.40789
9.20308
9.03125
9.09115
9.02408
9.00889
9.16721
8.77072
9.09274
9.16388
8.809
8.56195
8.84546
8.84539
9.17249
9.51569
9.1245
9.15693
9.5331
9.39596
9.25471
8.7565
9.29796
8.76427
9.07622
9.34893
8.84219
9.24308
9.23322
9.09959
8.83586
9.11009
9.15423
9.10524
9.33023
9.02008
9.05793
9.80916
9.00912
9.5193
8.8527
8.7234
8.95243
9.39712
8.90269
8.99791
8.84291
9.24433
9.14372
8.90872
8.83819
9.00833
9.01053
9.41872
9.32979
8.99435
9.05601
9.16209
8.80662
9.37581
9.58635
9.37371
8.87806
9.40443
9.16913
8.91198
9.2108
9.06946
9.33597
9.06375
9.29322
9.24618
9.41646
9.03723
9.26781
8.97326
8.95923
9.52924
8.89934
9.09821
8.73989
9.63815
9.2257
9.21984
9.35444
9.30628
8.86526
8.96895
9.21772
9.39119
9.24593
9.09588
9.32241
9.01942
9.44688
9.27915
9.34699
8.76018
9.34262
9.07733
9.31323
8.98093
8.96735
8.92544
9.27946
9.02994
8.82951
8.6881
9.35476
9.25044
8.99433
8.95223
9.38475
9.07372
9.14686
9.08578
9.02699
8.67686
9.11098
8.84644
8.86664
9.50083
8.96342
8.77352
9.51035
8.9344
9.26614
9.16462
9.1193
9.12584
9.43254
9.18615
9.09334
9.52854
9.05157
9.14657
9.34755
9.11616
9.22906
9.61281
9.30787
9.25908
9.29719
9.13646
8.63903
9.05204
9.28368
9.04032
9.13104
8.81376
9.31395
9.1871
9.08198
8.91626
9.21398
9.22204
8.66258
9.12028
9.193
9.17541
9.12886
9.229
8.98502
8.73092
9.19167
9.46567
9.07598
9.48935
9.13562
9.34214
9.52158
8.95275
8.90075
9.18255
9.10524
9.64881
9.18895
9.47918
9.03795
8.96815
9.03208
9.31936
9.64661
9.41188
8.86963
9.64115
9.11827
9.07225
9.27338
9.33794
8.98146
9.32363
9.06752
8.9796
9.03154
8.95998
9.02676
9.10576
9.24836
9.11402
9.3928
9.55718
9.52009
9.30355
8.89935
8.84849
9.03155
9.35275
9.6629
9.25045
8.96383
9.34589
8.97677
9.09191
9.34237
8.81071
9.26495
9.56257
9.31771
9.79626
9.02434
9.27524
9.19907
9.35041
9.43638
8.99477
9.39527
9.78374
8.85078
9.14682
9.05897
9.26413
9.16132
8.88728
9.08995
9.4522
9.19034
9.37099
8.97709
9.12415
9.25087
9.23824
8.86106
8.82403
9.08422
9.25558
8.9409
9.80699
9.00513
9.16599
9.01114
9.06763
9.29894
9.23769
9.17096
9.25859
9.41366
9.58613
9.03266
8.64127
9.05382
9.61934
9.56262
9.12078
9.30454
9.28834
9.25174
9.36204
9.09953
9.07221
9.30796
8.84762
8.9526
9.12369
9.08894
9.18741
9.09949
9.25785
9.18089
9.3121
9.4385
8.91847
9.06738
9.48516
9.16808
9.08693
8.935
9.02774
8.85041
9.25381
8.97018
9.04843
9.40612
9.20644
9.12715
9.25347
9.02559
8.88637
9.14429
9.17515
8.9351
9.21665
8.9833
9.16359
8.97005
9.21065
9.3926
9.12333
9.25638
9.52145
9.12402
9.18942
9.1674
8.94348
9.04619
9.15121
8.96005
8.85066
8.95416
9.23365
8.9846
9.33824
8.88416
9.04289
9.14423
9.1977
9.34121
8.9096
9.12902
9.19377
9.05554
9.40223
9.36802
9.21879
8.8775
8.82267
9.09175
8.99489
9.11819
9.34812
9.28067
9.03635
9.20548
8.68969
9.5089
9.1354
9.08622
8.8967
9.27063
9.4939
9.58533
9.07953
9.18158
9.50195
9.25345
9.12715
9.02919
9.56456
9.36426
9.17759
9.49345
9.67139
9.56791
8.88144
9.26678
9.80812
9.14609
9.09891
9.18991
9.18855
9.22159
9.29047
9.15952
9.09885
8.90422
9.49715
9.30638
9.15342
9.38973
9.56362
8.84677
9.16429
9.09843
9.40592
8.96467
9.43428
9.58028
9.04771
9.06592
9.28305
9.60046
9.11142
9.2175
9.29608
8.94104
9.39892
9.23859
9.78801
9.38725
9.24735
9.49484
9.09107
9.47787
9.03798
9.30836
9.33265
9.07443
9.46604
9.10722
9.33055
9.21411
8.9119
8.86927
9.69497
9.60825
9.62381
9.66803
9.69394
9.29889
9.16293
9.50994
9.48694
9.46976
8.88593
9.2026
9.03532
9.15256
9.16381
9.11448
9.64373
9.64477
9.60991
9.34398
9.42588
9.329
9.23204
9.27126
9.20913
9.28451
9.31685
9.29458
9.05833
9.35304
9.29294
9.66092
8.85118
9.21928
9.49071
9.25313
9.50421
9.3662
9.24777
8.89164
9.19687
9.41605
8.97628
9.10624
9.27608
9.26976
9.07922
8.85234
9.25128
8.99777
8.90341
9.02262
9.53831
9.07777
8.8142
9.13722
9.22559
9.0758
9.28316
8.8559
9.0477
9.33972
9.37575
9.25186
8.93401
9.29857
9.24376
8.92565
9.0288
9.29266
9.08428
9.17804
9.1695
8.71682
9.01737
8.89017
9.24407
9.11959
9.15909
9.30986
9.10309
9.1311
9.18249
8.78366
9.35757
8.80773
9.0054
9.29511
9.30293
9.36477
9.27169
9.08271
9.18599
9.18892
8.9722
9.06666
9.27222
9.2145
9.20201
9.62985
9.03684
8.96583
8.82454
9.18457
9.2325
8.94337
9.39785
9.40662
8.84783
9.04961
9.37967
9.6338
9.16819
9.25665
8.97137
9.2648
9.27716
9.19516
9.73297
9.23048
9.60856
9.01978
9.15028
9.18521
9.23982
9.1856
9.37051
8.85729
8.71043
9.08562
9.06215
8.802
9.15289
9.03097
8.92382
9.24894
9.1929
8.91955
9.17201
9.11339
8.99181
9.3734
9.57852
8.8118
9.18759
9.05844
9.1157
9.16269
8.8186
8.71981
9.16355
9.10982
8.99696
8.90389
9.01985
9.42849
9.24059
8.91163
9.42301
9.39915
8.90641
9.46074
9.12506
9.31307
8.99743
9.16165
9.0816
9.32278
9.21705
9.28594
8.95391
9.05963
9.00665
9.31601
9.38814
9.1241
9.1518
9.11949
9.20205
9.26813
8.57144
9.1817
9.33633
9.2667
9.14708
9.35954
8.7387
9.22498
9.25187
9.30996
9.14578
9.14926
9.28219
9.30982
9.11321
8.9007
9.30249
9.4603
9.34876
8.65286
9.47937
9.27626
9.07681
9.41175
9.4126
9.28336
9.07049
9.26128
8.9301
9.17765
8.8161
8.93225
9.17448
8.97414
9.2219
9.30174
8.89015
8.91866
9.05989
9.39449
8.70903
8.9678
9.101
9.08194
8.98552
9.28409
8.60856
8.64909
8.84294
8.86233
8.52123
8.64644
8.84105
9.52055
9.05371
8.844
8.64106
9.06943
8.89329
8.83655
8.93123
8.95689
8.77061
8.91322
9.25252
8.80269
8.52189
9.11723
8.92471
8.89191
9.04264
9.25343
8.68084
8.81948
9.28254
9.20051
9.24549
8.99507
8.98804
8.71568
8.9514
9.52846
9.07203
9.19735
9.13818
8.88831
9.31889
8.88107
8.90406
9.15198
9.41272
9.44983
9.13616
8.87233
8.63705
8.90164
8.82221
8.9411
8.79656
8.93046
8.92609
8.60132
8.75523
9.12381
9.28077
8.68134
8.93237
8.94103
9.06794
9.47625
9.52535
9.2878
8.85825
8.97998
9.19031
9.35693
9.49078
9.28604
9.88636
9.27879
9.31226
9.42877
9.55185
9.2876
9.49427
9.14428
9.39072
9.1927
9.04655
9.25696
9.00694
9.1926
8.69211
9.22629
9.30283
8.92311
9.46672
9.15829
9.20954
8.96348
9.45039
9.31528
8.95329
9.28053
9.15516
9.24864
9.32589
9.2138
9.30393
9.80372
9.07241
9.25658
9.08622
9.41599
8.97174
9.01927
9.16643
9.29059
9.03377
8.65805
8.7365
9.25501
9.08911
9.17789
9.39582
9.11708
9.27337
9.32753
9.14595
9.05791
9.52474
9.15667
9.07622
9.18407
9.14115
9.81488
9.36357
9.62284
9.48613
9.33034
8.99414
9.11108
9.37822
9.37539
9.05975
9.36987
8.53275
9.28837
9.28838
9.18662
9.52859
9.04013
9.16549
9.05656
9.63997
9.3674
9.53456
9.39902
9.45916
9.12978
9.24296
9.60321
9.01415
9.12217
9.5661
9.07102
9.38549
9.60432
9.1712
9.11732
9.15556
9.12436
9.25113
9.12319
9.34592
9.48795
9.35707
9.28009
9.02611
9.3216
9.14385
9.43675
9.08162
9.14093
9.20249
8.99719
9.64855
9.20666
9.2222
9.23727
9.22717
9.54781
9.53152
8.96145
9.04788
8.96122
9.35018
9.28559
9.2301
9.20992
8.96053
8.9047
9.5316
9.28379
9.42601
9.29714
8.88824
8.90232
9.22226
9.27459
9.53192
9.23096
9.19456
9.90985
9.67094
9.11707
9.76634
9.26008
9.15255
9.01426
9.40872
9.27218
8.82728
9.71265
9.48856
9.13571
9.21787
9.23275
9.04835
9.42024
8.84157
9.55373
9.08788
9.26955
9.58143
8.95401
9.44763
9.19599
9.36554
9.37564
9.10067
9.57589
9.51684
9.43509
9.58783
9.03264
9.21218
9.134
9.07344
9.40283
9.17453
9.30332
9.4276
9.923
9.06329
9.14068
9.05559
9.53329
9.5221
8.90237
9.55035
9.32386
9.3154
9.26523
9.03107
9.07904
9.45711
9.11825
9.04699
8.95304
8.95371
9.19219
9.42285
9.15708
9.39725
8.99854
9.17173
9.32748
9.64234
9.44597
9.44387
9.26793
9.39158
9.32759
9.15973
8.81641
9.42901
9.10667
9.21206
9.48869
9.2347
9.15638
9.49061
8.88501
9.38365
9.44237
9.36138
9.23646
9.13062
9.20356
9.18652
9.17509
9.02358
9.44524
9.07517
9.26093
9.715
9.46715
8.8698
9.45638
9.48486
9.11811
9.25276
9.28938
9.19783
9.15357
9.4296
8.87475
9.19866
9.21159
9.15345
9.55201
9.45565
9.23229
9.16958
9.13779
9.24868
9.39742
9.31805
9.34058
9.18961
9.25629
8.95575
8.6475
9.10198
8.90233
9.50654
9.15291
8.96498
9.25598
8.90451
8.75003
9.11001
9.01547
8.56256
9.0117
9.46416
9.12746
9.13359
8.95174
9.03004
9.00169
9.01752
8.87613
8.90376
8.85503
8.93502
8.99992
9.09447
8.5734
9.30842
9.36657
9.00344
8.85484
8.86486
9.07703
8.78387
8.69989
9.20243
9.04223
8.68254
8.94257
9.04695
9.04605
8.52466
9.23792
8.97903
9.16276
9.00817
8.91629
9.09729
9.17609
8.6005
8.92504
9.19352
9.16617
9.299
8.72498
8.9879
9.11678
9.06332
9.12964
8.99974
8.76954
8.98606
9.02923
9.08003
9.18821
9.23383
9.14998
8.98154
8.88374
9.00635
8.8938
9.4323
9.50232
9.26725
8.82504
9.09964
9.24646
8.9522
9.20642
8.89347
8.93061
9.14599
9.15834
9.15601
9.20194
9.31416
9.57552
9.38623
8.94112
8.99615
9.17013
8.96531
9.19541
9.19821
9.11519
8.84038
9.044
9.40869
9.55224
8.86415
9.38795
9.06539
9.02747
8.72246
9.06086
9.24129
8.83137
8.98432
8.87419
8.85076
9.68993
9.45917
9.14578
9.23727
9.11559
9.35287
9.28057
8.97049
8.89497
9.29748
9.14791
9.0028
9.1728
8.93664
8.94646
9.06525
8.80463
8.90886
9.24525
8.96502
9.31252
8.5943
9.1105
9.09652
8.81983
9.45167
9.36617
9.14198
9.23891
8.93126
8.7762
9.2077
8.92461
8.9661
9.2191
8.93501
8.85879
8.85486
9.32734
9.18997
9.11611
8.77521
9.10984
9.52633
9.04645
9.51426
9.4835
9.43423
9.16216
9.18694
9.29377
8.9839
9.13772
9.62504
8.86355
9.27368
9.46853
9.24834
9.55649
9.04703
9.11611
9.32136
9.03611
9.38568
9.19577
9.32871
9.43509
9.12101
9.63324
9.45106
9.56375
9.26275
9.24915
9.43711
9.13455
9.15856
9.049
9.16017
9.29534
8.94468
9.77411
9.01346
9.58558
9.29812
9.35052
9.22889
8.84152
9.2249
9.64524
9.33602
9.36034
9.41792
9.1121
9.46256
9.41851
9.05325
9.29871
9.70709
9.25668
9.30895
9.284
9.11586
9.26918
8.93729
9.02946
9.19077
9.04529
9.36244
9.3968
9.1035
8.81511
9.5711
9.02395
9.27404
9.2599
9.30767
9.31325
9.2153
8.90086
9.09039
9.32826
9.323
9.31217
9.36119
9.26235
9.39896
9.08759
9.14364
9.43393
9.06345
8.95076
9.38793
9.19077
9.29164
9.45288
9.7234
9.0091
9.62899
9.25984
9.64306
9.15595
9.04918
9.24105
9.22637
9.12869
9.18172
9.07127
9.27778
9.3359
9.15862
9.16838
9.0254
8.98984
9.18535
9.08443
9.24773
9.12447
9.08389
8.84077
8.79211
8.96633
8.76841
8.96922
8.95815
9.04195
9.07085
9.20259
9.11002
8.98933
9.13811
9.42832
8.97985
9.10187
8.8939
9.23375
9.06634
9.24229
9.38873
9.74684
9.61951
9.41491
9.38489
8.88467
9.14547
9.02899
9.12529
9.27195
9.06497
9.23157
9.30274
9.31331
8.76469
8.89272
9.10513
9.10167
9.0333
9.5265
9.08045
9.23601
8.81363
9.02855
9.35953
8.92703
8.92519
8.73005
9.50519
8.95442
9.32237
9.11879
9.28763
9.20232
9.4746
9.45037
9.46741
9.16455
9.01963
9.41936
9.14669
9.2885
9.18548
9.42048
9.17737
8.9378
8.93056
9.20521
9.03222
9.16421
9.03507
9.27569
9.16314
9.24137
9.26954
8.6821
9.11917
8.89047
9.16452
8.9448
9.10765
8.88808
8.91379
9.19672
9.09809
8.68168
9.59614
9.22976
9.12826
9.10179
9.18356
9.23445
9.25532
9.01558
8.94915
8.87939
8.99824
8.79817
9.00758
9.15026
9.2534
9.33046
9.2056
9.15913
9.02223
9.1629
9.30222
9.14873
8.89475
9.55107
8.89458
9.221
9.10282
8.76735
9.13132
9.19163
9.28991
9.3332
9.31159
9.0405
9.22568
8.90488
8.92325
9.50376
8.78479
9.24631
9.00121
9.11806
9.12114
8.97415
9.08519
9.31717
9.57761
9.51145
9.26629
8.97281
8.74688
9.49027
9.34171
9.18776
9.11202
9.1614
9.66439
8.75295
9.68422
9.46269
9.57145
9.13973
9.04787
9.2448
9.09337
9.14633
9.53418
9.20426
9.14838
9.34661
9.26208
9.21224
8.97423
9.2214
9.16138
9.37644
9.62178
9.09373
8.89996
9.43048
9.77487
9.40339
9.3027
9.602
9.3966
9.43918
9.10965
9.28837
8.91857
9.00578
9.13769
9.36974
9.5212
9.5737
9.47848
9.5312
9.45081
9.39921
9.61307
9.37302
9.44268
9.42894
9.70347
8.97569
9.40812
9.49963
9.17394
9.28319
9.36669
9.64216
9.31648
9.33136
9.51846
9.53887
9.18585
9.11924
9.37087
9.5035
9.32218
9.19575
8.78693
9.10943
9.21945
9.03702
9.19544
9.71584
9.19447
9.50318
9.20051
9.56525
9.60515
9.52045
9.31813
9.6745
9.31954
9.26223
9.01437
8.91924
9.51201
8.92331
9.02214
9.41724
9.35638
9.26487
9.09312
9.38054
9.39687
9.63381
9.40738
9.30689
9.14283
9.04039
9.49587
8.9516
9.16953
9.16059
8.92265
9.08242
9.33477
9.21842
9.07166
9.06537
9.49504
9.08326
9.07396
9.4444
9.48346
9.18645
9.29629
9.08822
8.97048
9.21224
9.22755
9.47527
9.24853
9.14516
9.21041
9.1619
9.20685
9.15864
9.25881
8.98592
9.37853
9.25159
9.09854
8.81263
9.17074
8.6567
9.19163
9.21927
9.52012
9.4334
9.15429
8.95158
9.10111
9.73766
9.21254
9.03026
9.18788
9.39692
9.66747
9.21901
8.90105
9.64817
9.19939
9.34678
9.15751
9.3249
9.23586
9.07961
9.48612
8.74684
9.55493
9.10639
8.74054
8.95901
8.7463
9.1362
8.95767
8.74842
8.92532
8.92954
9.18509
8.7994
9.29678
8.91966
9.26044
8.94562
9.2323
8.91843
8.49788
8.78167
9.12658
8.77698
8.84497
8.9583
8.84586
8.57175
8.90345
9.26707
9.34598
8.82354
8.96782
8.54742
8.71186
9.11519
8.73653
9.09753
8.90398
8.96947
8.95453
9.19582
9.38651
9.49774
9.18137
8.87425
9.10799
9.13919
8.37025
9.19721
9.16494
8.89946
8.85425
9.17687
8.31233
9.29164
9.3465
9.07282
9.16638
9.19556
9.09383
8.82342
8.96696
9.12735
8.78327
8.46734
8.861
8.90726
8.99624
8.87455
9.3128
8.84663
9.14939
8.54767
8.94386
9.08694
9.21302
9.29753
9.06719
9.17653
9.37561
9.34337
8.93687
9.20805
9.1926
9.10901
9.23925
9.1545
9.40507
9.19588
9.05513
9.25526
9.45314
9.18026
9.30688
8.99053
8.75319
9.22264
9.03329
9.21653
9.20703
9.12309
8.95539
9.29529
8.74147
9.31703
9.34839
8.80296
9.3824
9.16459
9.10822
9.25373
9.18832
9.48994
8.99414
9.40816
8.99538
8.92817
9.48526
9.04482
9.30932
9.14761
9.30646
9.07617
9.01947
9.45714
9.34295
9.05062
8.93832
9.35806
9.06431
9.10779
9.42479
9.18437
9.17726
8.71612
9.15866
9.35381
9.16877
9.18452
9.00323
8.99763
9.15219
9.19339
9.05512
9.43399
9.81638
9.57342
9.10832
9.50132
9.0585
8.8319
9.10443
9.08291
9.10243
9.31972
9.1257
9.00703
8.75293
9.24641
9.16434
9.18561
9.22756
9.37155
8.61547
9.03507
9.06834
9.30173
9.1754
9.01269
9.31199
8.9612
8.77402
8.85768
9.16142
9.36652
8.82928
9.21002
9.17593
8.90382
9.26538
8.78178
8.98711
8.71373
9.04058
9.04692
9.15582
9.09229
9.15917
9.24793
8.81487
9.00601
9.28002
9.05253
9.20388
8.94549
9.06797
9.04376
9.42093
8.88934
9.41012
9.00347
8.75189
9.36895
9.26734
8.84201
9.6277
9.1849
8.99778
8.83996
8.75013
8.82204
9.19461
9.22182
9.22385
8.65669
8.90403
8.86749
9.38164
9.17567
9.02214
9.10134
9.48109
8.74156
8.84583
9.3018
9.34012
9.3422
9.31222
8.94374
9.28969
9.43492
9.15342
9.13719
8.88892
8.82501
9.3072
9.55482
8.80603
9.38527
9.41429
9.73001
8.63264
8.81084
9.29319
9.15392
9.24377
8.78791
8.94824
9.40124
9.38547
9.38319
9.43971
9.33017
9.27153
9.66586
9.26914
9.68603
9.18311
8.72878
8.67652
9.31088
9.32575
9.20829
9.42161
8.77965
9.24331
9.59314
9.00833
9.07724
9.13247
9.30759
9.26803
9.10939
9.28809
9.04809
8.89469
9.08621
9.01759
9.01933
9.07717
9.31026
8.95176
9.07767
8.74611
9.09729
9.19037
9.63393
9.23206
8.89891
9.1941
8.80181
9.37799
8.98738
9.40419
9.17087
9.36724
9.46833
9.39053
9.31081
9.57468
9.12869
9.20144
8.6415
8.89036
9.23786
9.15381
9.25004
9.2319
9.11493
9.25386
9.04793
9.33038
9.20874
9.42958
9.05092
8.84197
9.4947
8.68842
8.73849
9.10052
9.13935
9.59994
9.31185
9.19081
8.95399
9.2204
9.08183
9.28086
9.13283
9.36756
8.93993
8.78024
8.86034
8.72606
9.30896
8.97037
9.11771
9.45982
9.24525
9.1346
9.12436
9.18208
9.11289
9.22023
9.27749
9.44235
9.3776
9.44643
8.8705
9.25631
9.13638
8.87346
8.99479
9.27447
9.27477
8.96692
8.91766
8.87687
9.15704
9.23411
9.11844
8.73009
8.84135
8.9747
9.27813
8.95869
8.89022
9.354
9.2381
9.11363
8.86242
9.21428
9.50147
9.19074
9.03818
8.92535
8.76739
9.08147
9.16183
8.95244
9.44601
9.00042
8.82358
9.07297
9.1261
9.1027
8.66863
8.81492
9.18158
9.23642
8.99707
8.84604
8.79779
9.28226
9.03526
8.78138
9.03542
8.9016
9.02633
9.19106
8.91938
9.10438
8.95527
8.70253
9.18038
9.02621
9.34365
8.81586
9.03546
8.87645
9.02959
9.25744
8.5331
8.84066
8.88332
9.3324
8.87811
9.32276
8.78913
9.40971
9.38152
8.56212
9.03244
9.11478
9.13717
8.57561
9.25809
9.19623
9.40497
9.18886
8.87597
9.69992
9.07213
8.81567
8.50282
9.07333
9.20361
9.13168
9.27092
9.30121
9.04702
9.16216
8.91739
9.15172
9.60808
9.08876
9.24163
9.1565
9.26516
9.51428
8.89097
9.2079
9.16122
9.11119
9.1004
9.26538
9.14476
8.8791
9.53207
8.78107
9.16405
8.94662
9.12809
8.99231
9.3535
9.40637
9.09497
9.44525
9.09973
9.56706
9.33138
9.47402
9.26697
9.38616
8.82442
9.49486
9.25186
9.33213
8.79856
9.305
9.57551
9.07985
9.32015
8.95175
9.51248
9.12264
8.88432
9.20541
9.3568
9.47223
9.2203
8.89171
9.05479
9.15426
9.37417
9.20964
9.57535
8.80516
8.97848
9.19668
9.29133
9.46914
8.99464
9.34786
9.11417
9.16747
9.14485
9.25569
9.00572
9.31718
9.50615
8.81406
9.12529
9.28804
9.72086
9.09076
9.18371
9.50413
9.23193
9.17024
9.30686
9.42685
9.06997
8.76079
8.81659
9.35986
9.00833
8.90481
8.78879
9.33157
9.05928
8.80044
8.81918
8.99944
9.3669
9.28771
9.2062
8.99523
9.27749
9.25678
9.46974
9.44977
9.0363
9.187
9.12871
9.29817
9.30835
9.75302
9.27272
9.09984
9.23248
8.8898
9.08846
9.40962
9.21981
9.19643
9.15456
9.53103
8.812
9.06632
8.98966
9.02822
8.94743
9.0471
9.19201
9.25539
9.21452
9.02689
9.0688
9.09347
9.05516
9.11213
9.22315
9.21989
9.38901
8.95386
9.17521
9.15451
9.60588
8.94973
9.31953
9.20124
8.86257
9.17732
8.82971
9.66541
9.15572
9.00554
8.8727
9.40568
8.92225
9.10423
8.91624
8.91695
9.24566
9.11485
8.82905
9.0086
9.16171
8.98056
9.29394
9.1708
9.14795
9.38608
9.21107
9.19675
9.03542
8.76088
9.47671
9.29771
9.29762
9.10899
9.02208
9.1721
9.12136
9.24527
9.13162
9.0479
9.06696
9.51722
9.03349
9.15781
9.17772
9.0954
8.8009
9.08576
8.84846
9.2543
9.26137
9.22326
8.94682
9.04581
8.91626
9.2607
8.84771
9.30891
9.16241
9.2142
9.14334
9.36663
9.24145
8.94286
8.98049
8.80205
8.51404
9.16922
9.21562
8.8416
8.79723
8.79796
9.30978
9.06119
8.90779
9.5455
9.41591
8.98925
9.19081
9.1246
9.19699
9.42102
9.3411
9.24732
9.47816
9.31504
9.03338
9.0119
9.20537
9.0391
8.91196
9.0158
9.01949
9.20056
9.17782
8.8019
9.10579
9.2214
9.48343
9.35217
9.13959
9.07574
9.41972
9.00202
9.33848
9.11796
9.02138
9.01757
9.14118
9.06272
9.1669
9.04481
9.19217
9.13129
8.80529
9.10516
9.09331
9.02462
9.4567
9.39955
9.00721
9.04117
8.99664
9.13158
9.15205
9.06168
9.07328
9.32643
8.98285
9.01464
9.45231
9.08314
8.9289
8.71486
9.01977
9.11868
9.08698
9.20415
8.88112
9.09704
9.2558
9.21925
9.32514
9.43704
9.30371
9.29248
9.03393
8.98041
9.17654
9.32134
8.79209
9.16759
8.88488
8.90113
8.97227
9.43276
9.17357
8.78114
8.96291
9.2756
9.00942
9.63409
9.27895
9.01796
9.17558
9.16931
8.94431
8.93667
8.79745
8.97402
9.18687
9.59432
9.1764
9.42831
9.19274
9.07911
9.27261
9.06998
9.5129
9.32238
9.27149
8.9891
9.08625
9.26002
9.22572
9.56517
9.26201
9.28654
9.3428
9.11749
9.52814
9.46841
9.10393
9.35197
9.0603
9.4798
9.17607
9.08628
9.00973
9.06736
9.00997
8.96015
9.28606
9.30401
8.7849
9.43666
9.03526
9.05171
9.1218
9.32398
9.47878
9.68737
9.10939
9.28683
8.83101
9.34881
8.87867
9.06181
8.92635
8.51054
8.38001
8.74954
9.24401
8.78642
8.50072
8.61981
9.3683
9.24812
8.88081
9.252
9.23565
9.06199
9.04577
8.85785
9.00586
8.96139
9.32525
8.81273
8.82366
9.17529
8.82804
9.27719
8.98884
9.1117
9.23887
9.09301
8.89011
8.89251
8.73803
9.16549
8.93998
8.9819
9.18917
9.12728
8.85314
8.78417
9.05061
9.45561
9.16626
8.98904
8.84021
9.22447
8.90726
9.14298
8.81494
8.80434
9.34886
8.66333
8.87114
9.19841
8.60037
8.87924
9.29878
8.76056
8.83419
8.81249
8.87283
9.04568
8.95673
8.92487
8.80685
9.16496
9.33745
9.43449
9.03908
9.13052
9.17697
8.7479
9.09375
8.9115
8.85935
8.9089
9.5001
8.69299
9.21089
8.92519
8.92928
9.21932
9.01859
9.11265
8.91957
9.13012
9.07793
8.86354
9.062
9.02368
8.93853
9.18199
9.11217
8.68341
9.15969
8.95286
9.06831
9.14414
8.96082
8.92724
9.24892
8.74644
9.12779
8.813
9.00738
9.00576
8.8699
9.39876
8.70556
9.24432
9.08411
9.42074
9.52396
8.61648
9.40493
9.24853
9.07659
9.01636
9.02568
9.20882
9.21665
9.12474
9.10192
9.11654
9.0205
9.37092
9.08204
8.73934
9.10195
9.00391
9.33863
8.96642
8.80888
9.17032
9.00893
8.69258
9.08671
9.11476
9.36777
9.34759
9.43863
9.28014
8.99974
9.00617
8.91777
9.39829
9.28275
9.03185
9.14728
8.96844
8.67782
9.38897
9.32217
8.95999
9.07679
9.47808
8.99377
9.34206
9.56419
9.26702
9.02192
8.94517
10.005
9.04015
9.04571
9.31402
8.95441
9.12825
9.58075
9.13662
9.14087
9.23389
9.40411
9.14287
9.10709
9.35057
9.09314
9.18481
9.26172
9.35999
8.9037
9.02466
9.00188
9.41302
9.10382
9.50403
9.13252
9.07767
8.91528
9.29271
9.17507
9.11972
8.96149
8.644
9.51377
8.76059
9.12657
9.12973
9.26304
9.11982
9.4166
8.98834
9.08514
9.52637
9.48113
9.07568
9.04967
9.32179
9.20273
9.51964
8.88623
8.76537
9.00465
9.09983
9.31215
9.33052
8.80532
9.0365
9.38281
9.21853
9.2266
9.48261
9.24406
9.25119
9.15744
9.55872
8.77362
9.15399
9.1622
9.00354
8.87517
9.42315
9.23816
9.49399
8.88679
9.37494
8.96097
8.86945
8.84056
9.22653
8.86214
8.93124
9.04251
8.8269
9.04978
8.81315
9.21022
9.39196
9.69763
9.19728
8.9311
9.05914
8.93888
9.49742
9.74094
9.04257
9.11905
9.15777
8.64923
8.8002
8.89178
8.9827
8.8183
8.58061
9.30323
8.98887
9.03206
8.95702
9.05827
9.00859
8.88274
8.82889
8.72834
8.64382
8.88906
9.17226
8.69666
8.99139
9.14584
8.76228
8.96277
8.77417
9.13623
9.14471
8.7104
8.89154
8.99938
9.0829
9.09694
9.19782
8.90869
8.77519
9.22258
8.87977
9.01013
9.1685
9.33459
9.37962
8.69156
8.88648
8.89007
9.0803
9.15966
9.1579
8.95555
9.04886
9.31142
9.01661
8.69068
9.15532
8.83571
8.6775
8.33604
9.09659
9.15794
9.30561
8.98759
8.97324
8.64567
9.03331
9.17504
8.84227
8.5959
8.81087
8.74789
9.56454
9.04923
8.41817
8.7483
9.21446
8.92219
8.87426
8.98726
8.93027
9.06278
9.12502
8.82618
8.6418
9.1128
8.54072
8.88827
9.08215
8.8917
8.92365
8.84515
8.81631
8.82408
9.07953
9.05162
9.09976
8.71472
8.88333
8.85741
9.36329
8.82247
8.80422
8.70135
9.06415
9.06232
9.13384
9.02745
8.86611
8.84569
9.16468
9.26927
8.85206
8.8352
9.094
8.75336
8.75549
9.17728
8.8035
8.68794
9.09788
8.9158
8.97458
9.14564
8.71695
9.43986
8.9389
8.89612
8.83248
9.28815
9.50749
8.81849
9.43255
9.44967
8.84233
9.41862
9.20164
9.67594
9.4647
9.18919
9.38287
8.58365
8.80991
9.05774
9.27752
8.94121
9.30648
9.3154
9.23161
8.87469
9.39887
9.17283
9.12486
9.20756
9.21805
9.28557
9.11879
8.95793
9.33968
8.97175
8.9914
9.52316
9.22005
9.31255
9.19597
9.19717
9.00248
9.06699
8.98658
8.7384
8.71693
9.33453
9.17531
8.99365
8.96719
9.31327
9.20574
9.31039
9.48658
8.95604
9.06963
9.38057
9.23355
9.0459
8.9485
9.0995
9.35758
9.38585
8.80228
9.04116
8.71875
8.94543
8.69775
8.89889
8.84514
9.15679
8.83895
9.25346
8.91588
8.84426
9.0123
8.54082
9.00072
8.94918
9.18723
8.75829
9.15842
8.61349
8.90708
9.09318
9.00422
8.77863
8.89313
9.14802
8.94429
8.56838
9.05414
9.11392
8.93503
8.64733
9.13329
9.17032
8.38599
9.15011
9.09379
9.30012
8.33002
8.87378
9.04813
8.93402
9.44586
9.08061
8.90176
9.02806
8.98592
8.88627
9.1324
9.48082
8.90733
8.73482
8.94311
8.77728
9.12278
9.10301
8.88129
8.50221
9.20154
8.74661
8.81624
9.25001
9.37287
8.76371
8.8916
9.20403
9.05911
9.18299
8.69166
8.96857
8.97265
8.87164
9.10077
9.03926
9.21784
8.50837
8.84592
9.37605
9.17469
9.07701
8.94575
9.35622
8.86503
9.1038
9.14791
9.08464
9.46912
9.10978
8.84723
9.18309
9.29965
8.88062
9.13162
9.07784
9.27242
9.07131
8.92307
8.87339
8.94225
8.98524
9.23458
9.37075
8.93737
9.00822
8.73312
8.97822
9.07607
9.24067
9.11429
8.78037
9.00991
9.3062
9.09949
9.01972
9.20056
8.63668
9.20614
8.86808
9.18539
9.32242
8.98007
9.16358
8.79851
9.12048
8.8175
8.98193
8.68969
8.90731
8.71845
9.23318
8.86203
9.02168
8.71131
8.87955
8.919
9.40682
9.37576
9.20167
9.01263
9.10151
9.12649
9.10058
9.39377
9.17848
9.2831
8.82673
8.37854
9.00645
8.7186
9.14459
9.38712
9.08311
9.25834
8.88153
8.7402
8.61386
9.12811
9.02443
8.95751
8.98098
9.04466
8.63988
8.95539
8.91379
9.30794
9.02382
9.05502
8.7164
9.12302
9.08327
8.85779
8.97938
8.85301
9.10842
9.1557
9.2185
9.05206
9.15208
9.04605
9.35958
9.35204
8.67321
8.8361
8.94455
8.63107
9.16534
9.25111
8.88439
8.97898
9.2842
8.91505
8.83204
9.16613
9.10917
8.88866
8.79227
8.83377
8.81957
8.92582
9.39262
9.09536
8.75366
8.65374
8.84156
8.94701
9.27653
9.43173
9.20006
9.42138
9.05946
8.91314
9.09104
8.72102
8.80206
9.37262
8.80649
8.82315
8.82969
8.88612
9.29406
9.21496
9.05311
8.82164
8.99873
9.17705
9.00474
9.06491
9.04358
8.86975
9.57566
9.39152
9.36234
9.1781
9.20753
9.45
9.19214
9.18997
8.94633
9.09589
8.63555
9.08632
9.49954
9.45511
9.01912
9.54778
9.2518
9.10005
8.83236
9.22979
8.90841
8.96023
8.9072
9.8007
9.34186
9.46858
9.28196
9.35745
9.01555
9.63532
9.28931
9.1106
9.36841
9.50255
9.32513
9.03838
9.58745
9.50369
8.87516
8.92219
9.32804
8.88975
9.31005
9.16738
9.07871
9.60071
9.35487
9.17836
9.31375
9.2033
9.55956
9.69646
8.90613
9.30078
9.12427
9.39633
8.88153
9.07302
9.09317
9.25423
8.92418
9.39451
9.1638
9.27293
9.15336
9.4438
8.83287
9.19901
9.1828
9.42693
8.79736
9.25152
9.11466
9.07988
8.7583
9.09916
9.39838
9.08541
9.03287
8.5875
9.4481
8.95221
8.76816
8.91278
9.19736
9.23063
9.61328
9.52636
8.88069
9.31223
9.1962
9.17826
9.19986
9.02417
9.2445
8.72206
9.23207
8.83426
9.13819
9.25347
8.8972
9.07879
9.02641
8.85607
9.08323
9.36234
9.37655
9.18255
9.26349
9.25645
9.23122
8.88281
9.26881
9.17449
9.03675
9.51868
8.94952
8.93491
9.13205
8.97834
8.78678
9.01659
9.15264
9.10714
9.04326
9.48232
9.13247
8.84853
8.88498
9.44514
8.96485
8.97192
8.99719
9.5036
9.15888
8.87993
8.97711
8.87829
8.95878
9.18895
8.98102
9.26809
9.24967
8.83237
9.03802
9.3574
9.48182
8.93396
9.01829
9.01868
9.28583
9.23651
9.22293
9.51925
8.8387
9.08598
8.82122
9.50642
9.09677
9.26691
9.3568
8.67555
9.02256
8.6576
9.33481
8.81241
9.05809
9.05665
9.33606
8.93588
8.91473
9.28373
8.88633
8.96862
9.3551
8.80973
9.13994
9.25937
9.22737
8.84347
9.00083
8.98178
9.51027
9.04927
8.97004
8.87802
8.73561
9.08693
9.16193
8.95583
8.77473
9.06038
9.28084
9.03387
8.52341
8.84297
9.28282
9.21764
9.06629
9.08082
8.87957
9.1333
8.94551
9.09764
9.59446
9.29249
9.23779
8.81826
9.07383
8.99599
9.20512
8.97159
9.4121
8.86136
9.30716
9.10684
9.24986
9.27177
8.88624
8.91154
9.15321
8.93962
9.07197
9.16003
9.0887
9.18388
9.10701
9.21137
9.61129
9.11583
9.22763
9.02124
9.36562
9.55888
8.85455
8.81652
9.36297
8.78563
8.76573
9.32817
8.74657
8.80696
9.14361
9.22588
8.97518
8.82869
8.76639
8.84995
9.15476
9.13289
8.94578
9.24243
9.03333
9.05801
9.31528
9.07692
9.86291
8.9611
9.00269
8.92582
9.2468
9.21353
9.21043
9.17037
8.99815
9.1783
8.94491
9.08323
9.39266
8.82724
9.1902
9.1519
9.38429
9.00886
9.17215
9.32323
9.12147
9.33384
9.56392
8.78823
9.09161
9.12628
9.195
9.24371
8.9031
9.15378
9.14624
9.68705
8.89963
9.37406
9.41465
9.14834
9.36565
9.38139
9.34032
8.97968
9.30401
9.32206
9.45609
9.34613
9.42301
8.97047
8.99549
9.43764
9.15549
9.31176
9.22797
9.02175
9.19389
9.24286
9.58906
9.49234
9.08184
9.64288
8.96747
9.32537
9.04673
9.17807
8.93226
8.91607
9.24422
9.46809
9.23648
9.15818
9.10142
8.99563
9.1989
9.11814
9.14437
9.27616
9.14359
9.29151
9.36709
9.16742
8.89846
9.40396
9.28565
9.06012
9.27342
9.04619
8.97341
9.31387
9.53975
9.08653
9.08244
9.09658
9.3799
9.02803
9.19918
9.20476
9.03326
9.14519
8.92982
9.41411
9.33439
9.31724
8.98758
9.39328
8.75553
9.29211
8.94151
8.96495
9.26956
8.89059
9.47965
8.9384
8.95265
9.12706
9.52591
8.77499
9.14888
9.07279
9.19139
8.69581
8.86802
9.30852
8.7233
9.1694
8.8895
8.7753
9.26422
8.91299
9.08128
8.81582
8.94096
9.07184
9.19004
9.05755
9.06688
9.20605
9.40331
8.74909
8.61661
9.07003
9.2179
9.22972
9.04304
8.85894
9.33771
9.18361
9.32071
8.90826
9.47556
9.28947
8.82221
9.42116
9.17494
9.05271
9.42343
9.17594
9.61005
9.4949
9.23521
8.7415
8.99752
9.10811
8.63144
9.34445
9.27142
8.80111
9.2618
9.1787
9.36425
9.03774
8.97865
8.49712
9.49771
9.25778
8.84722
9.11101
9.25629
9.17597
8.82203
9.09942
9.28487
9.06887
9.27815
9.26632
9.20295
8.85689
8.9868
9.04544
8.99644
9.21422
9.13063
8.85623
8.91891
9.05502
8.88258
9.07877
9.24908
9.07804
9.08676
8.98352
9.1125
9.35315
8.91786
9.00298
8.98224
9.48567
8.63364
8.93753
8.63497
9.04047
8.50375
8.68488
9.32926
9.38141
9.21858
9.29203
8.85903
8.96339
9.26429
9.3827
8.91805
9.16761
8.67555
8.87547
8.89433
9.15256
8.85888
9.35968
8.94748
9.08672
8.99042
8.79166
9.08872
8.86876
8.88314
9.2529
8.64184
8.82468
8.59787
9.03988
8.98942
9.35439
9.20979
9.09869
9.17779
8.74188
8.8512
9.15875
8.69242
9.11978
8.973
9.2359
9.17581
9.44953
9.01894
8.65138
8.88059
9.1522
9.05461
9.27594
8.72436
9.17529
8.95961
9.44379
9.02651
9.24727
9.16727
9.1257
9.03012
9.13267
9.24761
8.88499
8.99348
9.01422
9.13329
8.97962
8.80603
9.12302
8.56268
9.32146
9.11902
8.87635
8.55453
9.0317
8.96384
9.01732
9.25037
9.08854
9.031
8.83745
8.64022
8.82876
8.89402
9.34836
8.98399
8.84282
9.21671
9.13644
9.71298
8.88598
9.31626
9.13391
8.9495
9.53546
9.45164
8.64417
9.26488
9.04996
9.53825
8.97018
9.51596
9.19895
8.7588
9.21391
9.15704
9.29091
8.92577
9.14713
9.45538
9.16934
9.23003
8.90425
9.31575
9.20656
9.03658
8.93614
8.9842
9.00253
9.14806
9.1494
9.1828
9.64514
9.15383
9.0526
9.17717
9.22531
9.62291
8.80916
9.57953
9.06488
9.22224
8.89322
9.06168
9.1622
9.12107
9.43844
9.15799
9.04633
8.94918
8.98564
8.95777
9.37806
8.60064
8.90522
9.33227
8.88463
9.13935
8.79609
9.32884
8.9372
9.31296
9.21295
9.09174
8.81803
8.75828
9.48402
9.38812
9.30369
8.97108
9.00338
9.39012
9.19734
8.97478
9.01324
9.4341
8.97504
9.06054
9.36376
9.16629
9.04165
8.89152
9.25914
9.31907
8.754
9.08612
9.20885
8.97074
9.30206
8.96711
9.24264
9.42468
8.81788
8.68343
9.26618
9.19077
9.15509
8.91521
8.90988
9.25476
8.84248
9.06878
9.03396
8.99097
9.27864
9.17678
9.13885
9.11623
8.89232
9.10331
9.06378
9.1901
9.03674
8.96373
9.49339
9.13919
9.28491
9.29406
9.0371
8.95259
9.29476
9.48108
9.00761
9.23126
8.97764
9.07967
9.70852
8.67106
9.2489
9.13149
8.91214
9.06504
9.30665
8.94194
8.75866
9.31171
8.93986
9.15402
9.06258
8.81986
8.8727
9.07236
8.87587
9.32091
9.06214
9.18719
9.02175
8.75313
9.02351
8.86649
9.30503
9.37297
8.86996
8.77825
8.74094
9.19113
9.24033
8.84085
9.00729
8.87661
9.22821
9.18828
9.26508
9.16016
8.91753
9.21819
8.83066
9.39398
9.38543
8.92289
9.35322
9.3711
9.19854
8.97285
9.38545
9.23128
9.38359
9.17574
9.07767
9.2236
9.23611
9.14327
9.1083
9.25973
9.29757
9.4279
9.2464
8.92003
8.8781
8.89635
9.33875
9.04156
9.16345
9.06531
9.31264
8.9885
9.02965
9.05301
8.91893
8.87099
8.9869
8.76351
9.08092
9.11411
9.15958
9.39426
9.11074
9.20571
9.04079
9.36484
9.42293
9.21169
9.19061
9.19263
9.09479
8.68337
9.04013
9.20462
9.19798
9.0898
9.28323
9.28344
8.97307
9.52786
9.18291
9.10971
8.86676
9.40307
9.33306
9.10084
9.14655
8.96905
8.68574
9.00329
9.1543
9.04398
9.66464
9.19017
9.05672
9.1492
9.20489
9.27437
9.41687
9.4286
9.34902
8.94109
8.98267
9.30859
9.00027
9.13031
9.45425
9.09796
9.27317
9.01339
9.33734
9.40083
9.08151
9.12966
9.3901
9.14899
9.3186
9.17539
9.2764
9.0619
8.85679
9.1214
9.30649
8.96789
9.08472
9.44651
9.43342
9.00277
8.97511
9.09583
9.41504
9.23474
8.98544
8.8173
9.01461
9.52124
9.32298
8.76325
9.28261
9.13169
9.07062
9.42493
8.79956
9.0551
9.11514
9.09934
8.83593
9.18022
8.98296
9.08938
9.24172
9.10768
9.08347
9.09247
9.48731
9.34893
9.26444
9.01045
9.03118
9.00562
9.38101
8.95544
9.22724
9.48139
8.95152
9.07178
9.1744
9.48445
9.28625
9.26071
9.3681
9.29976
9.29868
9.12956
9.46213
9.34307
9.56314
9.27647
9.09258
8.8632
9.41043
9.20524
8.89925
9.35527
9.45291
9.10258
9.22791
8.89292
9.48428
9.02791
9.37695
9.18053
9.1438
8.60071
8.83649
9.16587
9.15964
9.31341
9.16521
8.87452
9.40614
9.27188
8.89039
9.06432
9.36275
9.00385
9.42528
9.18173
9.24106
9.44351
8.72794
9.17649
8.88692
9.56373
9.40033
8.87951
9.07819
9.00253
9.15043
9.08404
9.13792
8.47862
9.08886
9.22823
8.72064
9.30781
9.4483
9.16126
8.91694
9.0072
8.94672
9.39503
9.03108
9.17737
8.95662
9.01033
9.07722
9.02864
9.22775
8.87472
9.00948
8.99535
9.00311
8.99662
8.85406
8.80524
9.19492
9.036
8.90819
9.25345
8.73538
8.84021
8.85904
8.92268
9.03007
9.01573
8.92664
8.52934
8.78669
9.05888
9.38317
8.76801
9.05539
9.04307
8.90757
8.98397
8.92399
8.66349
8.80229
9.10843
9.30509
8.77489
8.83031
9.25285
9.15688
9.13128
8.91238
9.09453
8.88961
9.05352
9.371
8.88199
9.00742
9.49187
8.8884
9.26342
9.01615
9.15586
9.21848
9.33023
9.27166
9.59794
8.77123
9.0884
9.15978
9.11387
8.81714
9.34638
9.19448
8.99458
8.99889
9.06554
9.3969
8.98755
9.16141
9.20297
9.35283
8.95341
9.26543
8.989
8.99575
9.36101
9.05082
8.92448
9.34676
9.04268
9.20273
9.48927
9.55356
9.46215
8.90439
9.03232
9.51338
9.34455
9.68155
9.22406
9.23551
9.338
9.60241
9.56281
9.54872
9.51982
8.91223
8.84183
9.18989
9.44484
8.93997
9.33747
9.33124
9.49313
9.16102
9.34231
8.96819
9.11954
9.19549
9.31309
9.12103
9.31877
8.97732
8.76498
9.22212
8.89213
9.12351
8.89505
9.10174
9.25142
9.06077
9.22649
8.54507
8.47245
8.86212
9.08743
8.8946
8.8558
8.84036
8.88356
9.03865
8.96762
9.17691
9.41599
9.27044
9.24913
8.76928
8.99932
9.13239
9.24667
9.18817
9.06315
9.20921
9.54423
9.15791
8.74937
9.23217
9.17903
9.32354
9.19515
9.15724
9.24958
8.65279
9.38623
9.37153
9.43285
9.41845
9.10127
9.07846
9.28004
8.9649
9.07513
8.80168
9.40112
9.19596
8.91632
9.03982
9.26655
9.20681
9.0711
9.43927
8.94659
8.90366
9.17993
9.39383
9.62842
9.26242
9.02552
9.34524
9.53976
9.22509
9.05867
8.87301
9.21103
9.25772
9.15005
9.09996
9.03355
8.98398
9.15057
9.33916
9.35054
9.14166
9.35347
9.27397
9.43041
9.36369
9.14017
9.07123
9.25893
9.16042
9.10874
9.03964
9.07441
8.55531
8.92579
9.25989
9.08524
9.03068
8.59819
9.02553
8.65704
9.0728
9.15413
8.9142
9.04522
8.73457
8.80467
9.1694
9.23812
9.51284
9.07157
8.87847
9.31357
8.99291
8.94526
9.0082
9.23166
9.14667
9.49358
9.04512
8.91251
8.93315
8.97332
8.92226
9.27114
8.78682
8.55698
8.89012
9.19694
8.96518
9.29762
8.67346
8.53339
8.78178
8.49816
8.99706
9.13474
8.91837
8.90201
9.04572
8.96338
9.0971
8.60502
9.0914
8.61926
9.45655
9.24467
9.24978
9.40672
9.23516
9.01792
9.2553
9.31755
9.24915
9.25957
9.22752
8.59179
9.01307
9.15604
8.98307
8.43365
9.37667
9.3207
9.18587
9.21025
9.10189
9.2038
9.28906
9.18473
9.48588
9.09004
9.53582
8.99855
8.99454
9.15066
9.0899
9.21053
9.10428
8.59932
9.22217
9.4689
9.20837
9.19748
8.6577
9.00325
9.05094
9.1873
9.01005
8.73041
9.13905
8.84692
9.03638
8.97236
8.98121
9.12707
9.49779
9.40614
8.9963
9.2498
8.82983
8.70704
9.28839
9.24611
9.00215
9.43992
8.99132
8.84982
9.03786
9.0246
9.21987
9.12353
9.32775
9.2273
9.1538
9.52439
9.69965
9.01942
8.71905
9.30475
8.83736
9.07982
9.25459
9.3856
9.12403
8.77131
9.06301
9.14582
9.57153
8.9772
9.04553
9.27759
9.10855
9.18938
9.07023
9.97654
9.21443
9.07018
9.29856
9.39829
9.28331
9.04004
9.12684
9.45046
9.47253
9.43889
9.14719
9.17696
9.5317
9.39559
9.37162
9.24292
8.99306
9.33446
9.2343
9.22319
9.23703
9.3974
9.46042
9.21589
8.99942
9.57544
9.13692
9.26409
9.07709
9.45262
9.24226
9.0275
8.90484
9.17682
9.24729
9.00992
8.79359
8.88803
9.10532
9.13618
8.85036
9.51497
8.54017
9.21573
9.16907
8.70524
9.26454
9.61787
9.48702
9.58314
9.13022
9.06421
8.74853
9.2397
9.01454
9.02958
9.08237
9.48318
9.04787
9.10456
9.10853
9.02932
9.09235
9.28304
8.69843
9.33637
8.87557
9.30195
9.22163
9.1974
8.86463
9.02288
8.762
9.35952
8.86983
8.60687
9.04776
9.35724
8.89545
8.82241
9.06954
9.25945
9.29097
9.1131
9.14037
8.80576
9.24105
9.03606
9.31203
8.92196
8.81551
9.25682
8.82112
8.77655
9.03899
9.07215
8.76002
9.24311
9.091
8.92155
8.9727
8.94582
9.04682
9.13342
9.00113
8.98956
9.07217
8.92452
9.14466
9.31011
9.29667
8.90199
9.41828
9.00385
9.02586
9.46782
9.47754
9.34633
8.99258
9.33637
9.34432
8.87958
9.23673
9.15023
9.29899
9.13427
9.32222
8.82372
9.2768
8.8865
8.96549
9.10939
9.30566
8.91741
9.15758
8.76986
9.06642
9.47873
9.17102
8.93549
8.99098
9.12855
9.22095
9.2167
9.20679
8.90308
9.09482
9.22748
9.36187
9.08205
9.00894
9.33345
9.21899
9.21257
9.26243
8.81719
8.94267
9.0015
9.00733
8.84428
8.90935
8.88433
8.97224
8.6042
9.29086
9.05042
9.14615
9.07187
8.80292
8.39844
8.71718
8.87741
9.10069
9.00321
9.33205
9.04494
8.85534
8.88181
9.18231
9.03605
9.12607
8.88433
9.05594
9.26751
8.97079
9.46811
8.90066
8.85042
9.19313
9.11599
8.95719
9.08569
9.00789
8.60807
9.39151
9.25931
8.84418
8.8927
9.1007
9.10256
9.00088
9.18707
9.52514
9.04199
8.8272
9.14429
9.45495
9.51516
9.15678
8.99728
8.97761
8.76209
9.40826
9.27455
8.97213
9.18861
9.41567
9.28265
9.01523
9.03231
9.70864
9.4354
9.04225
9.43738
8.82436
9.71864
9.12319
9.05637
9.40486
9.14888
9.01644
8.94408
9.21168
9.20516
9.28854
8.8324
8.9317
9.25306
9.08512
8.90286
9.16199
9.35216
9.14898
9.27374
9.15591
9.08102
9.37787
9.26658
9.18225
8.99582
9.44134
9.47329
9.27497
9.02984
9.24373
9.07363
9.22865
8.97787
9.34482
8.7236
9.51954
9.16255
