18.114
18.0255
18.365
18.3892
18.0321
18.2486
18.542
18.2185
18.3454
18.8119
17.936
18.2986
17.8598
18.5093
18.33
18.12
17.918
17.8951
18.3548
17.9681
18.2699
18.315
18.3867
18.5722
18.5597
18.7022
18.267
18.3714
18.4201
18.4335
18.6115
18.128
18.2953
18.4375
18.6978
18.3639
18.2341
18.0453
18.0637
18.2998
17.8949
18.3949
18.4701
18.0089
18.1475
18.1797
18.1164
17.7136
18.1562
18.3523
18.3115
18.0037
18.2025
18.1034
18.5401
18.2573
18.259
17.946
18.1842
18.2642
18.4184
18.2509
18.275
18.3583
18.4107
18.5509
18.1128
18.0932
18.5384
17.8351
18.0916
18.2542
18.2792
17.9475
18.2849
18.3743
18.466
18.7843
18.3707
17.9262
18.1783
18.4852
18.265
18.2981
18.204
18.5459
18.531
18.488
18.2398
18.0156
18.1933
18.3446
18.3106
18.5662
18.3316
18.149
17.9378
18.4317
17.9111
18.473
18.472
18.7863
18.3028
18.0117
18.2227
18.1339
18.5695
18.5955
18.5325
18.153
18.583
18.1423
18.4261
18.1698
18.1349
18.3308
18.076
18.0185
18.309
18.4605
18.5112
18.2607
18.267
18.749
18.581
18.0457
17.7399
18.284
18.1531
17.8756
17.7397
18.0725
18.153
18.392
18.4399
18.0656
18.4032
18.74
18.1614
18.1676
18.4331
18.2041
18.3903
18.1429
18.5184
18.0921
18.4976
18.3555
18.3354
18.2612
18.5395
18.4072
18.5287
18.2895
18.1419
18.3
18.1203
18.188
18.5469
18.3376
18.62
18.3805
18.0102
18.421
18.3069
18.4164
18.2173
18.1214
17.7659
18.6386
18.6541
18.2385
18.2591
18.5017
18.2385
18.6501
18.6699
18.4447
18.2369
18.5169
18.1647
18.5759
18.3997
18.069
18.6224
18.6079
17.8982
18.4358
17.9685
18.2899
18.6239
18.1441
18.18
18.3779
18.4762
18.3211
18.5909
18.5039
18.2238
18.4215
18.1678
18.2837
18.438
18.2253
18.6015
18.1532
18.0654
18.239
18.436
18.1769
18.2361
18.2969
18.4308
18.2649
18.01
17.8888
17.9003
18.2594
18.3053
18.2936
18.8225
18.2647
18.4899
17.653
18.4509
18.1788
18.2093
17.9832
18.3106
18.3531
18.112
18.7873
18.1975
18.3428
18.4178
17.723
18.4042
18.113
18.1146
17.8094
17.9857
18.1757
18.4551
18.1063
18.4211
18.3655
18.487
18.205
17.8598
18.1789
18.4605
18.5009
18.0654
18.1963
17.9079
18.346
18.107
18.3312
18.121
18.2287
18.3148
18.0032
18.5228
18.1317
18.5089
18.1106
18.3591
18.1287
17.9122
18.1281
18.3375
18.1879
18.3096
18.6721
18.3244
18.4017
18.4543
18.0782
18.3856
18.1608
18.4531
18.1998
18.3241
18.0899
17.9361
18.2234
17.9836
18.1559
18.0637
18.2618
18.5542
18.5268
18.0273
18.3021
18.6515
18.233
17.9318
18.1121
18.4429
17.9664
18.2674
18.1012
18.1173
18.5976
18.7186
18.029
18.4647
18.1802
18.1328
18.1375
18.3354
17.9682
18.4061
17.9812
18.4343
18.3075
18.9965
18.0272
18.3399
18.5704
18.1888
18.0544
18.2423
18.1654
17.9846
18.2404
18.2812
18.2609
18.01
18.9256
18.0478
18.1286
18.3553
18.4063
18.6589
18.2395
18.3962
18.3573
17.9744
18.2781
18.3816
18.1798
18.0885
18.1698
18.1806
18.3724
18.0431
18.2611
18.3147
18.1529
18.2672
18.2514
18.3387
18.5047
17.8495
18.0882
18.0958
18.1629
18.0567
18.2764
18.2996
18.0166
18.2267
18.6279
17.9676
18.1513
18.2149
18.349
18.3874
18.2907
18.6348
18.2669
18.4597
18.331
17.7842
18.2772
18.1955
18.3871
18.7448
18.6679
18.0528
18.09
18.2619
18.173
18.2023
18.2017
17.9931
18.3609
17.8301
18.2628
17.9948
17.9215
18.169
18.3241
18.1854
18.4178
18.2715
17.8293
18.141
18.1532
17.7383
18.0115
18.0819
18.3559
18.3612
18.3294
17.9528
18.3547
18.1343
18.1218
18.336
18.3288
18.0069
18.3619
18.0887
17.9675
18.1878
18.2353
18.4136
18.0998
18.4437
18.1363
18.7157
18.0242
18.3714
18.1012
18.2115
18.4976
18.0373
18.4391
18.2927
18.067
18.2161
17.8714
18.0411
18.2994
18.2946
18.5681
18.3848
18.7037
18.0705
18.0063
18.2188
18.5452
18.1221
18.2238
17.9833
18.4183
18.8496
18.0731
18.2049
18.7137
17.7201
18.0349
18.2961
17.9998
17.9211
17.903
18.5145
17.9943
18.2965
17.5534
18.528
18.1313
18.0013
18.3204
17.9927
18.278
18.5486
18.3191
18.2873
18.0864
18.0646
18.5256
18.3465
18.1916
18.3515
18.3601
18.2773
18.4347
18.3003
18.2763
18.2005
18.6286
18.2895
17.8145
18.1325
17.8653
17.8672
18.0496
17.9039
17.9334
18.2008
18.3254
17.6026
18.1762
18.1611
17.8684
18.1701
18.0557
18.0015
18.0767
17.8077
18.1648
17.9601
18.3123
17.9408
18.242
17.5578
18.4179
17.9033
18.3764
18.3208
18.1085
18.0676
17.8929
18.4234
17.9319
17.8214
18.2613
18.0076
18.0579
17.8309
18.1174
18.5317
17.9978
17.9677
18.0273
18.1183
18.366
18.22
18.1618
18.6118
17.9331
18.5301
17.9304
18.1014
18.4412
17.9678
18.1568
18.3183
17.8367
18.4554
17.9345
18.2955
18.315
18.416
18.0996
18.3802
17.954
18.0912
17.7957
18.2693
18.0602
18.3728
18.3194
18.3174
18.251
17.9329
18.0846
18.0132
17.9592
18.2253
17.9468
18.353
18.1843
18.1415
18.091
17.8506
18.5362
17.7036
18.1069
17.7414
17.8587
18.0613
18.2283
17.9168
18.1149
18.1134
18.0782
18.0351
18.2257
18.22
18.0996
17.6788
18.2011
17.8034
17.781
18.0216
18.1102
18.0532
17.8405
17.7234
18.13
18.1293
17.9116
18.0024
17.9918
18.2564
18.046
18.1497
17.8253
17.9282
17.8612
17.55
18.0022
18.2018
18.549
18.1024
18.0483
17.6431
17.9585
18.0365
17.8896
17.779
17.8217
17.9813
18.1452
18.0613
18.115
18.0043
18.146
18.1204
18.2135
17.8104
18.3795
18.2745
18.4326
17.6561
18.0763
17.9312
18.0964
18.0094
18.1269
17.8956
18.2535
18.0951
18.111
18.1243
18.1518
18.0271
18.1711
18.0981
17.7065
17.6469
17.7873
17.5701
17.9137
18.0016
17.9567
17.8993
17.978
17.8313
17.7244
17.919
17.9906
18.2817
18.1203
18.0862
17.627
17.852
17.9245
17.9642
17.7478
18.2609
17.8839
17.9313
18.0504
17.8885
17.9524
18.2334
18.2944
18.0648
18.3623
18.6172
18.0273
18.1087
17.9026
18.1724
18.0304
18.3578
18.0167
18.3188
18.5736
17.9318
17.9912
18.3008
17.6895
18.0517
18.3693
18.571
18.1424
18.2278
18.1864
18.4451
18.1787
18.4169
18.214
18.3153
17.9279
18.3637
18.0393
18.3917
18.3236
17.8448
18.032
17.6175
18.4532
17.9905
18.6743
18.099
18.2184
17.9547
18.279
18.1356
18.1496
18.4832
17.9886
18.3845
18.4401
18.3913
18.1819
18.2725
17.9394
17.8579
18.5253
18.1386
18.5683
18.2433
18.1014
18.286
18.2193
18.0257
18.3823
18.5137
17.9509
18.2709
18.1397
18.2226
18.0478
18.232
18.0726
18.47
18.001
18.1597
18.156
18.1526
18.287
18.3061
18.3733
18.224
18.0907
18.5809
18.4144
17.9227
18.2096
18.5048
18.3634
18.381
18.1093
18.3567
18.2476
18.4036
18.1967
18.4978
18.4818
18.2854
18.0814
18.4803
18.4231
18.114
17.8963
18.1457
18.1302
18.7123
18.2135
18.1665
18.4379
18.2045
18.3202
17.9166
18.9601
18.2089
18.1899
18.1841
18.2112
18.2641
18.2306
17.8016
18.1451
18.2448
18.0966
18.4816
18.4025
18.5841
18.3331
17.9853
17.9586
18.2163
18.4324
18.4634
18.1708
18.1741
17.9101
18.0898
18.2314
18.1158
18.3425
18.4037
17.8461
18.0726
18.5774
18.1054
18.3226
18.2089
18.0882
18.4087
18.2256
18.239
18.2826
18.1589
18.5243
18.1528
18.222
18.7421
18.3567
18.447
18.7623
18.688
18.205
18.5086
18.4627
18.3562
18.367
18.2877
18.5874
18.3433
18.3823
18.3251
18.5597
18.2784
18.1782
17.97
18.7528
17.9677
18.4873
17.9861
18.4075
17.7461
18.1043
18.696
18.7246
18.202
18.1533
18.6646
18.669
18.6831
18.3161
18.1645
18.4442
17.849
17.8666
18.0483
18.0643
18.3465
18.2928
17.8894
18.3815
18.1008
18.3349
17.9576
18.3691
18.0397
18.6178
17.7017
18.5045
17.9612
18.2014
18.2592
18.3645
18.5951
18.0083
18.0639
18.1369
18.2253
18.4297
18.1007
18.1712
18.0518
18.2633
18.1622
18.3106
18.2221
18.4045
18.1686
18.1995
18.6082
18.0936
18.0419
18.7584
18.4223
18.4379
17.93
18.2513
18.335
18.1616
18.4527
18.1422
18.3636
18.0151
18.3269
18.3064
18.1397
18.6734
18.1326
18.2537
18.1742
18.2353
18.2576
17.8602
18.029
18.034
18.1366
18.4815
18.1089
18.3156
17.9416
18.2336
18.192
18.5276
18.4313
18.4372
17.7585
18.3819
18.1476
18.2502
18.2844
18.2653
18.0898
18.159
18.3487
17.9332
18.1609
18.2659
18.344
18.1984
18.3177
18.5157
18.3328
18.4232
18.2931
18.4322
18.4506
17.955
18.4361
18.1213
18.6298
18.0895
18.4939
18.5746
18.274
18.69
18.0196
18.0275
18.1596
17.9807
18.3057
18.1599
18.3226
18.3801
18.2318
18.5956
18.4313
18.5687
18.4151
17.8395
18.3119
18.4532
18.5401
18.3919
18.627
18.2273
18.3709
18.683
18.3604
18.7925
18.4876
18.3713
18.1752
18.6237
18.7441
18.1986
18.0899
18.115
18.2072
18.3332
18.4705
18.0829
18.014
18.2457
18.5792
18.2422
18.2097
18.2225
18.097
18.1629
18.1727
18.5151
18.257
18.1953
18.8774
18.1464
18.6209
18.0516
18.3917
18.4391
18.3745
18.4526
18.5432
18.2168
18.1733
18.0943
18.6637
18.546
18.5824
18.3448
18.4384
18.2869
18.2347
18.0042
18.446
17.9169
18.1617
18.467
17.7108
18.2121
18.2551
18.3844
17.9332
18.337
17.5881
18.4259
18.3365
17.993
18.1358
17.9637
17.9902
18.226
18.4565
18.0872
18.0268
18.3657
18.2598
18.2893
18.2035
18.2776
18.3931
18.3137
17.8988
18.2755
18.3468
18.1461
18.5163
17.5917
17.8413
17.9583
18.0336
18.0378
18.3185
18.5524
18.042
18.1015
18.1789
18.0359
18.3683
18.1541
17.9166
18.2475
17.9938
18.2072
18.3163
18.0238
18.1427
18.3299
17.7209
18.3283
17.9677
17.8106
18.223
17.8366
18.0054
18.2623
18.3167
18.3454
18.5835
18.3149
17.8934
18.316
18.3065
18.0184
18.3363
18.519
17.7544
18.5799
18.0581
18.3493
18.0216
17.9185
18.0611
18.2955
18.1369
17.9824
18.1273
18.3453
18.2316
18.1872
17.9958
18.2899
18.0449
18.294
18.5237
17.9604
18.5
17.851
18.1165
17.7915
18.1786
18.2492
18.3811
18.1924
17.692
18.0074
17.8177
18.1643
18.0509
18.3299
18.3062
18.2279
18.2198
17.8718
18.0147
17.7301
18.4972
18.2473
18.1896
17.8898
18.1429
17.8719
18.2993
18.3607
17.892
17.9455
18.3181
18.0484
18.1224
17.7819
18.2003
17.9938
18.1274
18.4512
18.1521
18.5632
18.1096
18.2597
18.1105
17.83
17.7076
18.1851
18.1882
18.0278
17.8697
18.1346
18.4449
18.0195
18.2908
18.2187
18.1022
18.2044
18.2059
18.0948
17.9277
18.3532
18.3568
18.2217
18.0903
17.8156
17.9885
18.1013
17.7244
18.1654
18.3391
18.034
17.7309
18.4436
17.9237
18.3219
17.9473
18.1197
18.1077
18.2771
18.0781
18.325
18.0899
18.0347
18.0812
18.4611
18.2452
18.3429
18.1507
17.9588
18.3853
18.1928
18.276
18.2131
18.393
18.6124
18.0201
18.1196
18.1081
18.1165
18.407
18.4717
18.1733
18.5949
17.6212
18.4799
18.0094
18.5101
18.562
18.5619
18.1155
18.2842
18.1362
18.3388
18.0345
18.0228
17.8875
18.0321
18.3448
18.282
18.2879
18.3415
18.305
18.0249
18.0218
18.2295
18.3545
18.267
18.5922
18.4745
18.18
17.9147
17.9972
18.4961
17.9029
18.5921
18.725
18.7055
18.1677
18.2887
18.2602
18.4985
18.0476
18.3623
18.1093
18.4813
17.8999
18.2309
18.6425
17.8229
18.1283
18.4004
18.4495
18.5639
18.1169
17.8499
18.263
18.509
18.1115
18.3225
18.7017
18.2587
18.2913
18.6157
18.113
18.1107
17.8745
18.401
18.3943
18.2549
18.2109
18.282
18.1835
18.1426
18.559
18.2454
17.9456
18.5288
18.3196
18.4537
18.0285
17.9082
18.5157
18.3645
18.2532
17.8211
18.4422
18.2506
18.6161
18.0453
18.2621
18.2199
17.9899
18.2897
18.5268
17.9585
18.508
18.2886
18.091
18.184
18.1812
17.821
18.044
18.4668
18.364
17.9338
18.0294
18.0223
18.3784
18.0758
18.6667
18.6465
18.4066
17.9648
18.305
18.5268
18.228
18.0513
18.1434
18.2154
18.5813
18.2752
18.0598
18.0138
18.1429
17.7972
18.384
18.0443
18.1395
18.0021
18.3473
17.9996
17.9528
18.1974
18.0246
18.5154
18.0451
18.3102
17.997
18.5136
18.0717
18.3129
18.2387
18.0803
18.3956
18.4285
18.1473
18.4167
18.4571
17.586
18.1498
18.2582
18.2519
18.2699
18.3002
18.168
18.2254
18.1793
18.5597
18.5341
18.0113
18.1693
18.1028
18.2837
18.0763
17.8228
18.0802
18.1941
18.3748
18.3179
18.7891
17.9217
18.5822
17.8889
18.2095
18.2273
17.9113
18.6779
18.473
18.5505
17.8191
18.4835
18.2679
18.4238
18.2376
18.3638
18.2769
18.1604
18.4372
18.0746
17.9304
18.1446
17.9425
18.2516
18.4203
18.2852
18.6437
18.3751
18.2038
18.1582
18.159
17.9273
18.4816
17.9385
18.043
18.355
17.9819
18.1179
18.1188
18.2032
18.1601
18.154
18.0024
18.323
18.6142
18.0299
18.265
18.1722
17.7287
18.1768
18.3316
17.9331
18.2715
18.4917
17.9743
18.3809
17.8655
18.219
18.1783
18.3702
17.9273
18.0489
18.2515
18.0139
18.1403
18.1241
18.297
18.2898
17.7768
18.2122
17.8301
17.9772
18.2404
18.0701
17.9922
17.8584
18.4565
18.0952
18.0601
17.966
18.1143
18.1206
18.333
18.2143
18.3128
17.8064
18.0726
18.1975
17.9732
18.1799
18.3453
18.4068
18.3168
17.8186
17.8369
18.1784
18.3509
18.2054
17.5124
18.0882
17.9986
18.2813
18.1541
17.8529
18.0345
17.7977
18.2008
18.2529
17.758
18.1492
17.866
17.9875
17.9244
18.165
18.0121
18.2753
18.0678
18.1021
18.3355
17.7737
17.9938
17.7789
17.5568
17.7581
18.1545
18.4958
18.1326
18.1785
18.0711
18.1871
18.0678
17.8022
18.0987
17.9852
18.078
18.5181
17.8124
18.0363
18.2157
17.87
18.0098
17.6374
18.238
18.024
18.1393
18.5382
17.781
17.903
18.3841
18.1858
17.8938
18.3218
17.6397
18.211
17.7696
18.0151
18.1718
18.1527
18.5089
18.2616
17.8376
18.3643
17.9442
18.3563
18.4526
18.8321
18.0461
18.2076
18.3329
18.0608
17.7578
18.2208
18.268
18.4236
18.5211
17.6424
18.6342
18.0359
18.4845
18.1418
17.6365
18.0105
18.0522
18.0021
18.084
18.4198
18.3767
18.0813
18.1445
18.2228
18.3539
18.2311
18.2141
18.2382
18.1834
18.2382
18.4157
17.9621
17.9198
17.9398
18.0482
17.9842
18.0969
18.1921
18.1626
18.0877
18.2861
18.4765
17.9829
18.1154
18.1439
18.152
18.3298
17.8566
17.694
18.3444
17.8261
18.2549
18.2281
18.3943
18.4012
18.1865
18.1758
18.1968
18.3462
18.256
18.0501
18.652
18.1484
18.0619
17.9521
18.1483
18.1088
17.9633
18.0816
17.8972
18.0505
18.0265
18.2165
18.4005
18.0474
17.9895
18.1955
18.2428
18.1799
18.0903
18.5806
18.1272
18.3656
18.0942
18.2703
18.6462
18.2967
17.9673
18.662
18.0157
17.8254
18.3317
18.0682
18.1523
18.2926
18.089
18.2361
18.1888
18.5621
18.3473
18.2809
18.064
18.0279
17.9645
17.9973
18.0826
17.9279
17.9225
18.0666
18.2535
18.3673
18.1892
18.1448
18.2123
18.2019
18.7663
18.1637
18.1182
18.504
18.0624
18.139
18.2003
18.1964
18.0914
18.3597
18.2545
18.1461
18.4455
17.536
18.2047
18.2906
18.2974
18.356
18.2162
18.0786
18.1629
17.9172
17.9664
17.9023
18.0137
17.8831
18.1724
18.2024
17.8726
18.0268
18.0907
17.9946
18.6326
18.128
17.8926
18.0307
18.2273
18.0771
18.1203
18.5638
18.1614
18.2596
18.2928
18.4981
18.7061
18.4373
18.2828
18.4903
18.6492
18.1145
18.5476
18.1772
18.6162
18.2331
18.7254
17.9258
18.296
17.9157
18.1892
18.5571
17.715
18.0918
18.3518
18.5572
18.5762
17.7984
18.233
18.0764
18.6227
18.0141
18.0461
18.3169
18.4735
18.2474
18.6006
18.4299
18.4752
18.0979
18.0966
18.233
18.6587
18.2454
18.4627
17.8866
17.8036
18.4959
18.2921
18.5818
18.0908
18.133
18.0488
18.3942
18.6613
17.8173
18.3522
18.0715
18.3364
18.3456
18.2533
18.2573
18.0497
18.4258
18.2537
18.6577
18.3606
18.7334
18.3027
18.4532
18.5027
18.4282
18.3335
17.4823
18.2742
18.282
18.1425
18.5845
17.8681
18.2698
18.1688
18.1794
18.4764
18.0249
18.0327
18.0522
18.1767
18.246
18.5279
17.8263
18.3235
17.9784
18.1367
18.6324
18.165
18.5331
18.3805
18.6085
18.2489
18.178
17.9501
18.2547
18.0313
18.2708
18.2754
17.9753
17.9126
18.0369
18.2563
18.0277
18.4503
18.1495
18.2214
17.9636
18.2315
18.4931
18.4662
17.936
18.1081
18.3114
18.3128
18.4871
18.1722
18.3826
18.4473
18.1216
18.3244
18.4029
18.0028
18.4053
18.2376
18.1239
17.7031
18.156
18.1541
18.0587
18.3249
18.5788
18.3153
18.3926
18.2191
18.3136
17.9407
18.2353
18.1457
18.0242
18.0058
18.6146
18.3746
18.012
18.0926
18.1622
18.2849
18.1218
18.1221
18.2998
17.8144
18.4069
18.0837
18.0304
18.4609
17.6431
18.0659
18.2958
18.2959
18.1053
17.9825
17.8994
18.2821
17.8598
18.1715
18.4037
18.0121
18.082
17.9283
18.0609
17.9645
17.9294
17.9136
17.7272
18.0264
17.6037
18.0661
17.8888
17.972
17.7306
17.7845
18.3447
18.1029
17.8807
18.2528
17.9092
18.0324
18.1906
17.8744
17.8211
18.407
17.6556
17.8489
18.4464
18.4097
18.1566
18.0691
17.9503
17.7617
17.7275
17.9037
18.1957
17.8471
17.8978
18.1394
17.7873
17.9721
17.831
17.6369
18.0397
18.0826
18.3022
18.2798
17.899
17.9376
18.0162
18.0055
18.3719
17.7501
17.7839
18.518
17.8704
17.8948
18.2324
18.0221
17.8372
17.9574
18.0146
17.9531
17.6951
18.2852
18.2554
18.6519
18.481
18.2028
18.5849
18.3881
18.2132
18.3082
18.0861
18.4557
18.3583
18.0157
18.4774
17.9743
18.2057
18.4798
18.309
18.1679
18.3918
17.9044
18.3163
18.1577
18.5711
18.0536
17.9816
17.9619
18.028
18.3167
18.4344
18.4961
18.5547
18.3527
18.8506
17.9974
17.9813
18.6118
18.4246
18.3493
18.2581
18.6065
18.1067
18.3578
18.0557
17.9255
18.3933
18.1487
18.2742
18.2686
18.7378
18.1167
18.5647
18.0935
18.3482
18.5834
18.4623
18.5276
18.4473
18.2899
18.17
18.5829
17.9508
18.325
18.3612
18.1798
18.507
18.6039
18.4817
18.3178
17.8706
18.0812
18.3649
18.313
18.31
18.4686
18.3456
18.5235
18.1069
18.2614
18.108
18.3991
18.0884
18.3301
18.1306
17.6356
17.9608
18.0629
17.4643
18.4221
18.1419
18.3702
17.9493
18.4131
17.7443
18.2696
17.6909
17.6593
17.764
18.5173
18.0679
18.0933
18.0973
18.1039
17.9101
17.9592
18.4139
18.1296
17.8842
18.0677
18.364
18.2434
18.5697
17.991
18.2318
18.2992
17.9686
18.1623
18.1065
18.418
18.1128
17.8762
18.0445
18.2339
18.2176
18.8005
18.2384
18.1989
18.4983
18.6751
18.2455
18.2546
18.1394
18.0767
18.2972
18.0858
18.1994
18.3662
18.3474
18.3789
18.1065
18.1789
18.1225
17.9011
18.1982
18.2359
17.72
17.8964
17.9562
17.867
18.2252
17.9756
18.2259
17.9854
18.4894
18.2336
18.3266
18.4879
18.5114
18.0462
17.8923
18.4163
18.3693
18.2783
18.3195
18.407
18.5213
18.0311
18.572
18.1977
18.4267
18.4674
18.1191
18.1263
18.3177
17.8575
18.5479
18.3223
18.4504
18.0242
18.5984
17.7619
18.6624
18.3213
18.339
18.5134
18.5912
18.094
17.8679
18.1006
18.3463
17.9915
19.0122
18.0143
18.5112
17.9973
18.0145
18.4762
18.1821
18.3003
18.4496
18.7222
18.2234
18.0808
18.1203
17.5903
18.0924
18.3758
18.5937
18.662
18.2541
18.0637
18.4034
17.9342
18.0902
18.2577
18.2756
18.4552
17.787
17.9989
18.5303
18.4722
18.2511
18.1785
18.4952
17.8981
18.2999
18.409
18.2644
18.495
18.4424
18.6789
18.1927
18.0188
18.1343
18.2821
18.0843
18.54
18.4205
18.3182
18.1125
18.0068
18.1207
18.4116
18.19
18.1017
18.1152
17.8846
18.0549
18.3891
18.1762
18.2196
17.963
17.9641
18.5727
18.2767
18.1561
18.6207
18.4825
18.3809
18.5015
18.6047
18.2696
17.9211
18.0676
18.4857
18.509
18.2372
18.5219
18.6844
18.0815
18.7089
18.2441
18.3485
18.1034
18.0788
18.065
18.5751
18.1302
18.5343
18.5385
18.4151
18.629
18.72
18.5824
18.1147
18.251
18.053
18.34
18.1458
17.9611
17.9235
18.5198
18.6217
18.4168
18.3036
18.0792
18.1926
18.327
18.0595
18.2164
18.0101
18.5193
18.6898
19.0181
18.6704
18.5323
18
18.4362
18.2263
18.4981
19.0791
18.6752
18.9189
18.4081
18.5573
18.5473
18.4197
18.5816
18.5933
18.3673
18.2945
18.4219
18.1212
18.4134
18.5084
18.5593
18.6578
18.1928
18.4278
18.6667
18.4499
18.6473
18.6504
18.6
18.3167
18.4099
18.4805
18.5543
19.0265
18.4244
18.0439
18.1123
18.3081
18.4087
18.8427
18.5384
18.098
18.2881
18.4862
18.3352
18.3421
18.2647
18.142
18.2974
18.4113
18.7801
18.5236
18.5286
18.6689
18.3085
18.4798
18.2294
18.6538
18.5554
18.5594
18.7781
18.5504
18.7359
18.2229
18.3034
18.3101
18.3976
18.7949
18.2765
18.3905
18.6984
18.7429
18.0845
18.3225
17.9865
18.0119
18.2813
18.2678
18.4991
18.0267
18.1589
18.2827
18.5805
18.3437
18.348
18.1257
18.0704
17.9528
18.4025
18.3502
18.3964
18.3027
17.9038
18.3568
18.4924
18.4248
18.2588
18.2272
18.2787
18.1909
18.3137
18.2974
18.4595
17.7895
18.075
18.3225
18.1933
18.0063
17.8526
18.3981
17.9642
18.3065
18.2841
18.3729
18.4015
18.0837
18.3626
18.0736
17.7919
18.0902
18.0235
18.1359
18.8101
18.2602
18.1831
18.2648
18.2751
18.3685
17.8075
18.5124
18.3878
18.0703
18.3905
17.9605
18.1672
18.0419
18.4844
18.5725
17.8867
18.1874
18.2401
18.6414
18.2814
18.1623
18.1168
18.5917
18.4672
18.3902
18.5638
18.3624
18.436
17.8569
18.7508
18.254
18.8023
18.8161
18.3866
18.058
18.3593
18.2862
18.7001
18.6336
18.2875
17.9717
18.7887
18.2761
18.5482
18.7454
18.443
18.4431
18.662
18.3311
18.6316
18.4612
18.2039
18.1702
18.3271
18.3417
18.6116
18.6694
18.0253
18.2848
18.1776
18.554
18.6711
18.7554
18.2773
18.5739
18.7426
17.8618
18.8045
18.8025
18.3542
18.5773
18.4565
18.2522
18.5623
18.1465
18.1532
18.1448
18.0643
18.153
18.2828
18.1928
18.3667
18.2347
18.6816
18.2889
18.463
18.5972
18.238
18.4062
18.0238
18.2667
18.5059
18.1342
17.7834
18.0319
18.2164
18.5152
17.8801
17.7231
18.032
18.0309
18.1625
18.1575
18.0045
17.9517
18.1869
17.7338
18.2851
18.4846
18.3507
18.0702
18.1534
18.1941
18.5242
17.9913
18.2503
18.4481
18.2751
18.0833
17.85
18.1125
18.3562
17.877
18.1596
18.0286
18.2566
18.2606
18.1135
18.2845
18.1244
18.3256
17.8935
18.2153
18.2154
18.0725
18.1794
17.8924
18.1197
18.346
18.2376
18.15
18.1531
17.9429
17.9821
17.9907
18.0966
18.0521
18.3071
18.0983
18.3051
18.1059
18.2227
18.0524
18.2543
18.3217
18.1121
17.7006
17.9805
18.34
17.9318
18.011
17.9585
17.9905
18.3406
18.353
18.384
18.3098
18.0151
18.48
17.9327
18.1917
18.2336
17.595
18.1455
18.128
18.1024
18.5742
18.3579
18.2647
18.0229
18.1127
18.1919
18.2918
18.152
18.3956
18.1184
18.187
18.0895
17.9481
18.3388
18.4365
18.0081
18.4902
17.9352
18.065
17.9765
18.2492
18.0252
18.5461
18.0838
18.2904
18.3267
18.172
18.2926
18.4978
18.2664
18.0462
18.0694
18.393
18.4504
18.146
18.0503
18.2567
18.1842
18.0278
18.2269
18.3079
18.9234
18.2657
18.4721
18.2736
18.0978
18.095
17.9478
18.5006
18.027
18.0263
18.1707
18.1944
18.4176
18.1587
17.8887
18.085
18.3058
18.2662
18.014
18.4191
18.0973
18.4566
17.7367
17.7566
17.9295
17.8033
17.9381
18.1832
17.9267
18.34
18.1319
18.5064
18.1806
18.1139
18.0179
18.2687
18.5487
18.1436
18.2102
18.1049
18.3938
18.2316
18.3084
18.2181
18.2829
18.3252
17.9538
18.1046
18.4366
18.0865
18.1794
18.1216
18.4962
18.0958
18.4013
18.2408
17.7558
18.2413
18.1594
18.489
18.1913
18.6493
18.039
17.9805
18.2051
18.1058
18.1786
18.6211
18.4708
18.1537
18.1582
17.8904
18.2248
18.4129
18.0687
18.5197
18.4061
18.2585
18.1125
18.2403
18.018
18.1585
17.9961
18.4117
18.4734
17.9614
18.1005
17.7347
18.3014
18.1952
17.9801
18.302
18.079
18.4453
18.0424
18.1532
18.3068
18.0094
18.1108
18.2922
18.4466
18.5521
18.19
18.2153
18.2219
18.0051
18.3227
17.999
18.0634
18.0549
18.2436
18.2571
18.1932
17.8928
17.9292
18.1855
18.0678
18.0956
17.9132
18.3945
18.2534
18.3446
18.1108
18.1326
18.4867
18.4379
18.0346
18.1898
18.278
17.8134
18.2969
18.3534
18.3115
18.1216
18.3407
18.1508
18.2981
18.141
18.4043
18.3487
18.136
18.0698
17.8016
17.9262
18.2085
18.3241
18.2266
18.4141
18.2163
18.6632
18.4586
18.0599
18.2558
18.2388
18.0795
18.0586
17.7706
18.3676
18.1944
18.1869
18.4454
18.2354
18.5246
17.9851
18.3491
18.29
18.7155
18.7616
18.0512
18.3488
18.6106
18.5115
18.4501
18.2458
18.1122
17.7284
18.3084
18.3072
18.1626
18.0802
18.0753
18.356
18.5162
18.7319
18.7895
18.2572
17.9954
18.4831
18.4931
18.1599
18.3054
18.6329
18.1096
18.3915
18.2713
18.273
18.5144
18.5192
18.2407
18.2617
18.5841
18.6436
17.9576
18.2984
18.3894
18.5495
18.3178
18.0254
18.2106
18.5037
18.2106
18.2695
18.219
18.6291
18.0642
18.4909
18.283
18.5531
18.2558
18.4595
18.6038
18.2848
18.4057
18.4039
18.1898
18.7011
18.2071
18.0747
18.144
18.2303
18.4478
18.3008
18.4588
18.6277
18.202
18.4735
18.3958
18.3648
18.4958
18.2336
18.3625
18.5797
18.6608
18.4772
18.1412
18.1187
18.4847
18.1949
18.2554
18.1147
18.7453
18.299
18.5313
18.2898
18.4187
18.4744
18.3218
18.2275
18.2066
18.7762
18.7386
18.1403
18.5453
18.4476
18.8047
18.5123
18.1708
18.125
18.5274
18.6787
18.6187
18.2478
18.4092
18.5834
18.3485
18.4475
18.4229
18.2127
18.3493
18.1916
17.9895
18.7732
18.3978
18.4845
18.3845
17.9713
18.0574
17.9843
18.4404
18.2723
18.1859
18.2992
18.3294
18.2827
17.9592
18.2685
18.2469
18.0881
18.5537
18.3272
18.2349
18.4242
18.4264
18.1253
18.3601
18.4078
18.2254
18.2878
18.0747
18.1746
18.2285
18.0045
18.4239
18.2138
18.5684
17.977
18.2596
18.2441
18.3065
18.2621
18.5043
18.5744
18.5323
18.2153
18.2871
18.2033
18.3193
18.1085
18.2823
18.207
18.6569
18.1574
18.4263
18.5136
17.8164
18.277
18.3624
18.1451
18.3468
18.2883
18.7515
18.4549
18.3499
18.3517
18.2146
18.0867
17.6901
18.3428
17.7829
17.9072
17.8223
18.3094
18.0737
18.3777
18.1022
17.7987
18.1057
18.0772
18.2161
18.0369
18.1073
18.3064
17.8995
18.1229
18.1906
18.4002
18.1522
18.1497
18.2635
18.1698
18.0684
18.0428
18.2968
18.3717
18.1232
18.2918
17.6756
18.2797
17.944
18.153
18.0642
17.9584
18.0601
17.9044
18.061
18.3485
17.8066
17.7979
18.4142
18.0077
17.9047
17.9098
18.0852
18.153
17.8329
18.1195
18.2749
18.2704
18.0649
17.7439
18.0058
17.9562
18.1346
17.9005
17.6991
18.2721
18.1514
18.0167
18.3328
18.1617
18.2553
18.0263
18.4433
18.3367
18.3604
18.0802
18.2129
17.9514
18.6119
18.416
18.4207
18.5627
18.529
18.252
18.5439
18.5128
18.6092
18.4797
18.7005
18.0159
18.1424
18.4103
17.9438
17.7727
17.6758
18.2074
17.9321
18.6379
18.378
18.1742
18.5702
18.5586
18.0936
18.2647
18.2765
18.5789
18.2148
18.4416
18.2243
18.3852
18.4091
18.0884
18.5341
17.9885
18.3295
18.0392
18.6403
18.6159
18.1983
18.15
18.1271
18.2656
18.387
18.3721
18.477
18.1312
18.4276
18.4621
18.2685
18.3456
18.3622
17.8107
17.9299
18.1266
18.2294
18.1431
18.2548
18.1694
17.6353
18.2018
18.4288
18.4063
18.3381
18.2327
18.3119
18.0971
18.2066
18.0053
18.2908
18.478
18.0398
18.3923
18.0256
18.1477
18.147
18.1605
18.5759
18.2763
17.9553
18.4042
18.1909
18.3888
18.1303
18.4771
17.9655
18.0165
17.7687
17.9635
18.3084
18.0488
18.2155
18.0676
17.897
18.0311
18.3409
18.022
18.0347
17.9941
18.3555
18.1827
18.4591
18.3163
18.2852
18.1669
18.5601
17.8674
18.0897
18.2002
18.3886
17.9998
18.5368
18.0374
18.4367
18.6454
18.152
18.2029
18.2686
18.6669
17.9354
18.1738
18.2192
18.39
18.389
18.3051
18.472
18.8278
18.2616
18.4531
17.9973
18.3872
18.5305
18.6782
18.2535
18.1953
18.7461
18.2731
18.3285
18.1125
18.6605
18.2131
18.3258
18.1614
18.4893
18.3991
18.2434
18.6012
18.5422
18.3048
18.6693
18.4177
18.2285
18.2633
18.2524
18.7258
18.3198
18.4756
18.1687
18.3331
18.5102
17.9862
18.1962
18.4677
18.2186
18.4512
18.5144
18.5729
18.5036
18.4031
18.7082
18.276
17.8608
18.3075
18.3672
18.2375
18.5977
18.7437
18.4426
18.01
18.2094
18.4544
18.1658
18.0732
18.2394
18.3898
18.4147
18.45
18.2888
18.5921
18.334
18.2563
17.9821
18.562
18.4141
17.938
18.1718
18.2643
18.2618
18.8354
18.5607
18.6497
18.1427
18.8289
18.1622
18.2388
18.3581
18.4083
18.3424
18.3251
18.2212
18.2374
18.175
18.268
18.3993
18.3056
18.1912
18.1767
18.5787
18.5818
18.1283
18.2433
18.1883
18.3684
18.6177
18.5294
18.4277
18.2129
18.6149
18.7858
18.2398
17.7742
18.0169
18.0527
17.9814
18.0425
17.8772
17.8059
17.8966
18.1487
17.9906
18.0332
17.8044
18.0651
18.1111
18.0679
17.8897
18.2402
18.1521
18.0376
18.1023
17.9938
18.0686
17.4651
17.7421
18.2079
17.7729
18.321
18.0516
18.3858
17.8312
18.1519
18.0829
17.7917
17.9098
17.6869
18.1189
18.2303
17.8897
17.8993
18.4964
18.2081
18.1734
18.2384
17.9834
18.075
17.6621
18.0432
18.0359
18.0372
17.903
17.9417
17.6646
17.9736
18.103
17.9674
17.7195
18.1956
17.6181
17.7872
18.0792
18.1408
18.2441
18.3363
17.7531
18.473
18.2856
18.0678
18.522
18.199
18.4106
18.5679
18.3551
18.2254
17.9872
18.2145
18.0707
18.3265
18.1436
17.8753
18.0565
17.899
17.9156
17.8711
18.0513
18.2175
18.293
17.9248
18.2211
18.1062
17.4655
18.1194
18.2094
17.9961
18.5691
18.1566
17.9727
18.4809
17.87
18.5537
17.872
18.0699
18.127
18.1479
18.1555
18.3445
18.3705
18.0136
18.0915
17.8662
18.0436
17.7882
18.2933
18.5046
18.1691
18.1078
17.7004
18.3293
18.4557
18.1895
18.2105
18.2012
18.333
18.2802
18.2809
18.1269
18.4687
18.4574
17.9972
18.1976
18.6048
18.0638
18.0918
18.4155
18.4123
18.4446
17.8963
18.3809
18.4568
18.1777
18.5515
17.9236
18.2664
17.8479
18.4556
18.2237
18.1496
18.2783
17.9665
18.2007
18.2262
18.4017
18.0615
18.4179
18.1375
18.2593
18.1102
18.5648
18.4736
17.6795
18.3176
18.4968
18.4387
18.1363
18.3926
17.9849
18.1053
18.104
18.0934
18.4806
18.1651
18.0194
18.2189
18.2023
18.2459
17.8332
18.2467
18.2742
18.6766
17.966
17.8607
18.0852
18.1386
18.1218
18.3866
18.2031
18.2554
18.2009
18.4324
18.4354
18.3049
17.8568
17.8121
18.334
18.1992
18.2798
18.3545
18.7426
18.3437
18.4495
18.7078
17.8303
18.0957
18.2672
17.9974
18.5659
18.3447
18.0059
18.5606
18.3639
18.7968
18.0697
18.3143
18.8062
18.0558
18.1884
18.3376
18.3702
18.0473
18.1477
18.4337
18.3159
18.3812
18.4798
17.8897
18.3849
18.1562
18.302
18.288
18.085
18.5189
18.1717
18.6396
18.4779
18.0888
18.3212
18.2555
18.0113
18.445
18.0201
18.5298
18.3465
18.2041
18.369
18.1992
18.243
18.2793
17.8646
18.2017
18.2763
18.4435
18.1376
18.0392
18.1659
18.377
18.0048
18.0405
18.5976
18.3274
17.9203
18.1583
18.0954
18.3696
18.2888
18.2885
17.976
18.2902
18.241
18.6661
18.5592
18.2714
18.227
18.2743
17.9048
18.4265
18.4812
18.1411
18.1173
18.3491
18.6352
18.2941
18.1028
18.223
18.1669
18.1978
18.3161
18.5023
18.2858
18.3576
18.3839
18.2814
18.3385
17.9348
18.2228
18.1536
18.4624
18.0639
18.3357
18.3533
18.1889
18.3412
18.0754
18.1241
18.2505
18.2921
18.0576
18.1255
18.1687
18.0739
18.2086
18.1309
18.4838
18.2843
18.0794
17.894
18.2384
18.0903
18.5687
18.267
18.5263
18.513
18.5842
18.3063
18.4612
18.1484
18.5987
18.2493
18.1543
17.842
18.3966
18.1152
18.405
18.1071
18.1756
18.4518
18.0612
18.3765
18.5251
18.3493
18.1609
18.1
18.3794
17.9737
18.3845
17.8435
17.939
18.21
18.3666
18.1142
18.384
18.2701
18.2677
18.429
18.4106
18.4184
18.1144
18.3751
18.1163
18.4271
18.1321
18.3697
18.3697
18.1855
18.1436
18.6179
18.3515
17.829
18.1742
17.7933
18.2548
18.0922
18.3773
18.5383
18.1588
18.2677
18.2425
18.1295
18.0341
18.0483
18.2682
18.5917
18.4934
18.3682
18.1936
18.2629
18.5144
18.1568
18
18.2387
18.2777
18.1208
18.3091
17.8095
18.1766
18.221
18.3374
18.0016
17.9553
17.8282
18.1646
18.1874
18.1913
17.8217
18.2017
17.9907
18.1953
18.0564
18.4478
18.2356
18.2225
18.1188
17.9402
18.3511
17.9565
18.4003
18.2001
17.8765
17.9413
18.1174
17.8643
18.2168
18.4711
18.1463
18.2905
18.0961
18.0559
18.2075
18.3375
18.2825
18.2761
18.3031
18.0743
18.1026
18.3025
17.9091
18.1461
17.8813
18.0843
18.1973
17.9641
18.4596
18.2993
18.2351
18.4145
18.0294
18.515
18.3151
18.34
18.6463
18.3081
18.4762
18.4005
18.0731
18.3535
18.3881
18.3199
18.4552
18.7021
17.7956
18.4996
18.3664
17.8924
18.3915
18.4001
18.3441
18.5825
18.4714
17.665
18.3566
18.33
18.0789
18.6603
18.1684
18.1715
18.3345
18.77
18.4173
18.0294
18.1212
18.1249
18.4389
18.6325
18.3221
18.0069
18.0599
18.3233
18.6236
18.4109
18.485
18.19
18.0216
18.3783
18.2875
17.9955
18.0466
18.5467
18.2111
19.0067
18.0564
17.895
18.1759
18.1003
18.0722
18.6035
18.1611
17.9381
18.2445
17.6287
18.5089
17.8226
17.6637
18.0887
18.6079
18.2741
18.3398
18.0962
17.8829
17.9344
18.1575
17.7565
18.3966
18.4518
18.1332
18.0405
18.2814
18.3089
18.2367
18.274
18.3998
18.14
18.5577
17.9638
18.4
18.177
18.3368
18.2711
18.176
18.171
18.003
18.4107
18.6685
18.1849
18.439
18.1603
18.0108
18.207
18.3446
18.2189
17.9647
18.3003
18.3769
18.5382
18.4455
18.2322
17.7124
18.5888
18.3826
18.5845
18.2118
18.4315
17.927
18.4095
18.2401
18.5527
18.3866
18.4005
18.4497
18.1635
18.5096
18.3122
18.2855
18.5035
18.4924
17.9952
18.2211
18.536
18.6
18.4862
18.5135
18.3435
18.4909
18.3444
18.6238
18.9934
18.2322
18.1971
17.8053
18.7048
18.2529
18.7429
17.8533
18.052
18.6258
18.1031
18.7306
18.0147
18.2259
17.6904
18.4047
18.4901
18.2653
18.5815
18.1709
18.8305
18.2871
18.0585
18.303
18.1268
18.659
18.5196
18.4041
18.2284
18.2548
18.1288
18.3677
18.7078
17.9156
18.2279
18.2766
18.2053
18.2095
18.2885
18.0195
18.2144
18.3432
18.1583
18.174
18.3983
18.1411
18.6321
18.5051
17.977
18.7738
18.2157
18.0615
18.2833
17.8257
17.8418
18.3215
18.3314
18.4876
17.8625
18.0828
18.4325
17.9404
18.1327
18.465
18.2373
18.0745
18.201
18.3674
18.2391
18.4401
18.2119
18.4869
18.4306
18.5259
17.8722
18.2976
18.1479
18.2183
18.0667
18.4147
18.4771
18.4301
18.3804
18.3343
18.0803
18.2765
18.3477
18.1909
18.0219
18.0734
18.0892
18.2956
18.5509
18.429
18.2075
18.4015
18.1811
18.187
18.1226
18.4188
18.3661
18.1661
18.2384
18.2883
18.2544
17.8601
18.2715
18.3019
18.5825
18.5862
17.9797
18.2533
18.6206
18.4139
17.884
18.6103
18.2521
18.1715
18.194
18.1868
18.8498
18.294
18.3498
18.2327
17.9783
18.1112
17.7892
18.4853
18.3409
18.8399
18.2858
18.4301
18.437
18.2232
17.9216
18.5767
18.3816
18.0896
18.1287
18.4105
18.3569
18.1614
18.2409
18.6692
18.8998
18.2559
18.5393
18.1987
18.0641
18.1993
18.2895
18.8239
18.2323
18.4452
18.3589
18.3288
18.1898
18.5124
18.2236
18.5377
18.3177
18.3561
18.1292
18.5213
18.3859
18.57
18.3488
18.5669
18.3137
18.3902
18.277
18.1604
18.0058
18.4575
18.1767
18.002
18.555
18.1571
18.3979
18.4212
18.2187
18.3232
18.1912
18.0439
18.3115
18.2864
17.8505
18.2474
18.3815
18.237
17.9975
18.351
18.5128
18.3432
18.4942
18.3931
18.4358
18.3112
18.2639
18.285
18.3371
18.0802
18.0752
18.0327
18.366
18.6138
18.3418
18.0762
18.2763
18.3845
18.1085
18.3722
18.3123
18.3061
18.5116
18.1886
18.4166
18.1729
18.0924
18.3238
18.4103
18.0665
18.3241
17.9495
18.3893
18.1273
18.3565
18.1971
18.098
18.2939
18.5548
18.2785
18.2419
18.043
18.4567
18.3277
18.1939
18.2384
18.579
17.9102
18.092
18.4529
18.2533
18.25
18.0505
18.4035
17.9882
18.3453
17.9739
18.4658
17.9862
17.8818
18.5033
18.0928
18.6202
18.0851
18.1882
18.447
18.2722
18.0582
18.3093
18.2284
18.5183
18.4244
18.3448
18.1832
18.6608
18.3189
18.1194
18.2712
18.5154
18.263
18.4176
18.3035
18.2755
18.2343
17.6643
18.4858
18.17
18.2205
18.4398
17.8939
18.217
18.0014
18.184
18.2538
18.2185
18.2754
18.3249
18.1987
18.2846
18.0865
18.5447
18.2387
18.0806
18.4101
18.3225
18.3798
18.2615
18.4369
17.9282
18.0957
18.3174
18.5717
18.1854
18.0115
18.1848
18.1418
18.4628
17.8413
18.3372
18.517
18.3388
17.7105
17.8542
17.9635
18.1949
18.2173
18.3042
18.471
18.3308
18.1401
18.1063
18.0125
18.3692
18.3173
18.0643
18.4365
18.2047
17.8964
18.4448
18.0933
18.5638
18.2172
18.2304
18.1476
18.0261
18.3419
18.7159
18.2395
18.572
18.221
18.3614
18.1422
18.1769
18.2209
18.1262
18.2489
18.352
18.3397
18.1726
18.0704
17.9142
17.9343
18.3978
17.9502
18.4283
18.0823
18.5067
18.2944
18.487
18.0358
17.8495
18.2518
18.1595
18.133
18.1844
18.2483
18.2383
18.2776
17.7101
18.3787
18.1121
18.1963
18.8837
17.8312
18.4821
17.9386
18.2681
17.8732
17.8933
18.2505
17.9588
18.2512
18.5661
18.0638
18.2237
18.5017
18.5521
18.454
18.076
18.1412
18.5026
18.0016
18.437
18.4707
18.5276
18.2594
18.3348
18.656
17.9194
18.4987
18.263
18.4036
18.2382
18.348
18.2212
18.4701
18.3286
18.3718
18.5869
18.3662
18.6525
18.24
18.5769
18.4467
17.9039
18.3683
18.3474
18.3308
18.3495
18.5221
18.2704
18.2095
18.669
18.366
18.0576
18.1161
18.1886
18.2463
18.2626
18.3619
18.4829
18.1486
18.0445
18.0735
18.3457
18.1869
18.1494
18.1125
18.2376
18.2439
18.1044
18.0751
18.291
17.9049
18.138
18.3609
18.4135
18.4533
18.1522
18.4339
17.9142
18.2011
17.7712
18.1489
18.1723
17.7823
18.1855
18.2583
18.2869
17.9053
18.3885
17.9482
18.2723
18.2501
18.6378
18.3602
18.5425
18.56
18.4897
18.5186
18.1119
18.1209
18.1202
18.3106
18.4392
18.3698
18.3164
18.1951
18.5566
18.2498
18.2315
18.1111
18.3068
18.0717
18.5745
18.8019
18.017
18.5037
18.3855
17.8515
18.5708
18.3301
18.2081
18.2231
18.2039
18.1055
18.4693
17.9122
17.9977
18.4297
17.8397
18.4944
18.127
18.2042
18.2188
18.0628
18.0435
17.8538
17.8674
17.9042
18.4045
18.0537
18.0896
18.1951
17.9931
18.2549
18.153
17.8262
18.1952
18.2612
18.2179
18.081
18.0517
17.833
18.2532
18.1996
17.8235
17.9558
18.6066
18.1956
18.3282
17.9805
18.2988
18.2593
18.2885
18.4266
17.9633
18.0297
17.9178
17.8832
17.9057
18.2501
18.2055
18.478
17.9192
18.0501
18.1933
18.2482
18.0747
18.2296
18.2148
18.4811
18.7595
18.397
18.2044
18.3118
18.1671
18.2466
18.1093
17.8915
18.4349
17.9777
18.0293
18.0888
17.9072
18.3692
18.2707
18.2172
18.1653
18.4586
18.3008
18.2052
18.3013
17.861
18.2694
18.2118
18.3396
18.4109
18.5218
18.3291
18.3854
18.2955
18.3762
18.3154
18.2223
18.2094
18.0187
18.3531
18.358
18.3495
17.9454
18.3001
18.5692
18.2062
18.2772
18.2761
18.0831
18.4662
18.1702
18.1189
18.216
18.211
18.0431
18.3411
18.2494
17.9549
18.2951
18.301
18.3877
18.3849
18.129
18.2251
18.2426
18.2332
18.5889
18.0524
18.253
18.3364
17.8895
18.1157
18.4338
18.4229
17.9308
18.3068
18.1628
18.3374
17.8425
18.3029
17.9526
18.2921
17.9744
18.2103
18.0924
18.4746
17.9454
18.2776
18.0262
18.5043
18.1968
18.3454
18.6001
17.9593
18.2923
18.2233
18.295
18.4016
18.4423
18.3487
18.5392
18.341
18.5086
18.4626
18.4698
18.203
18.5932
18.1708
18.2067
18.1573
18.3012
18.3645
18.2077
18.0723
18.7209
17.6838
18.4923
18.1407
18.331
17.8706
18.3195
18.2422
18.2721
18.1529
18.359
18.0098
18.0659
18.459
17.7793
18.2814
18.3167
18.1417
18.5246
18.1468
17.7792
18.4057
18.1957
18.3881
18.2277
18.1981
18.2204
18.5239
18.4355
18.0914
18.3354
18.0699
18.4972
18.2974
18.3497
18.2621
18.2535
18.4297
18.5462
18.3977
18.1055
18.2894
18.2278
18.3931
18.2795
18.6008
17.8436
18.6552
17.967
18.2532
18.0348
18.4897
18.1508
18.2642
18.1317
18.2944
18.4083
18.1973
18.7545
18.2769
18.3408
17.918
18.0131
18.142
17.7848
17.9639
18.1829
17.7693
18.1849
18.1012
18.3149
17.8476
18.4274
18.1511
18.1992
18.1519
18.0647
18.229
17.8492
18.167
17.9882
18.0263
18.4453
18.0793
18.0887
17.9899
18.24
18.3207
18.1986
18.0781
18.1293
18.4352
18.038
18.1546
18.0907
18.295
18.4188
18.235
18.1615
18.4663
18.7251
18.1641
18.5349
18.1625
18.4682
18.3331
18.9426
18.2885
18.4622
18.2853
18.3195
18.1813
18.2187
18.1438
18.2589
18.2582
18.3379
18.193
18.0851
18.4156
18.0703
18.1319
18.329
18.4609
18.0278
18.2251
18.1227
18.2168
18.3312
18.4218
18.2475
18.2623
18.3893
18.4302
18.6079
18.3572
18.5534
18.6807
18.3023
18.2702
18.0383
18.2244
18.3062
18.1254
18.3916
17.8921
18.1759
17.653
17.9264
17.9054
17.9516
18.0872
17.7667
18.2717
18.079
18.0179
17.9242
18.0725
17.8875
18.1229
18.2352
18.1065
17.6235
18.0316
17.9721
18.0617
18.3462
17.9739
18.085
18.4235
17.9882
18.2233
18.249
18.2011
18.3925
18.5046
17.9531
18.0844
18.3254
18.2109
18.4167
18.3488
18.2688
17.9854
17.9116
18.3577
18.1771
18.2388
17.8587
18.0855
17.8857
18.136
18.1693
18.1799
17.8428
18.64
17.9246
18.4105
18.4256
18.1572
18.595
18.4154
18.5464
17.8678
18.1776
17.995
18.3909
18.1032
17.9838
17.8432
18.4708
18.5761
18.5337
18.2899
18.0416
18.8235
18.4033
18.1776
18.4656
18.2076
18.3204
18.4095
18.5873
18.0472
18.4492
17.7895
18.2387
18.4504
17.9667
18.2275
18.1715
18.2784
18.2277
18.2677
18.5174
18.2459
18.4275
18.1449
18.1382
18.3208
18.6902
18.2471
18.1247
18.7989
18.3291
18.4847
18.3338
17.7849
18.3241
18.3005
18.1985
18.4273
18.0263
18.3393
18.2107
17.9126
18.3809
17.876
18.5185
18.4337
18.0056
18.5241
18.4324
18.5385
17.8488
18.5486
18.5128
18.0174
18.241
18.0922
18.152
19.0187
18.1035
18.4964
18.3093
18.5876
18.0186
18.117
17.9892
17.6996
18.1692
18.3846
18.3181
18.3585
18.3978
18.2954
18.0313
18.1431
18.1265
18.8143
18.2006
18.3994
18.155
18.2079
18.253
18.3625
18.4148
18.708
18.1282
18.4162
18.2436
18.428
18.0937
18.2406
18.1523
18.3756
18.4053
18.1935
18.5042
18.4607
18.8029
17.9732
17.9872
18.0955
17.9713
18.1691
18.2594
18.5265
18.4445
18.3712
18.1552
18.4216
18.1595
18.0486
18.2999
18.5642
18.1303
18.2992
18.1898
18.2447
18.134
18.2727
18.0317
18.2723
17.8637
18.1504
18.3557
18.2427
18.3412
18.1411
18.0736
18.0369
18.1324
18.0802
18.6112
18.4878
18.3618
18.4962
18.2421
18.2592
18.1865
18.1082
18.1933
18.2049
18.4804
17.8402
18.2813
18.0517
17.8884
18.5682
18.2242
18.337
18.5291
18.1399
18.3793
18.0717
18.1994
18.3736
18.1793
18.2772
18.2199
18.4472
18.5854
18.3901
18.6401
18.3884
18.15
18.2497
18.2384
18.2219
18.2873
17.8352
18.2846
18.7624
18.3762
18.4834
18.4966
18.2597
18.1907
18.5783
18.335
18.1829
18.0735
18.3574
18.3734
18.6274
18.0438
18.552
18.0478
18.3698
18.4435
18.7122
18.2245
18.3024
18.4819
18.6612
18.4941
18.2628
17.9359
18.474
18.3075
18.3065
18.0473
18.1085
18.2232
18.179
18.2945
18.3059
18.2006
18.1748
18.3334
18.1069
18.4399
18.3503
18.168
18.3528
18.0511
18.3525
18.5366
18.4282
18.3699
17.9894
17.9491
18.1768
18.5203
17.9328
18.3376
18.2716
17.9112
18.3293
18.1647
18.0188
18.255
18.448
18.5443
18.4072
18.2721
18.2318
18.6831
18.2919
18.3854
17.8705
18.6986
18.1843
18.1647
18.1061
17.8731
18.1166
18.2913
18.3473
18.3781
17.9973
18.3263
18.2359
18.3155
