28.9764
29.0635
28.9485
29.3231
28.6137
28.7655
29.1983
28.6913
28.8027
28.9109
28.732
29.0123
28.8998
28.6389
28.9538
28.8353
28.775
29.1179
28.9611
28.7545
28.8635
28.4838
28.7462
28.5718
29.0657
28.9633
28.6763
28.5149
29.2817
28.572
28.9812
29.0586
29.3352
29.0448
28.7925
28.4863
29.4178
28.7264
28.7058
29.1938
28.6658
28.8951
28.5085
29.329
28.7975
28.5621
28.7974
28.5875
28.7257
29.2804
29.1344
29.3443
28.8311
29.1121
28.9713
28.7842
28.902
29.0852
29.0776
28.6964
28.9769
28.3168
28.8407
29.0181
28.8993
29.0611
28.9974
28.9248
28.9798
29.2256
28.7245
28.4637
28.8391
28.7255
28.9528
28.8981
29.1077
29.0274
29.5396
28.8807
28.7735
28.6091
28.9383
28.8596
29.0797
28.7487
29.021
28.7078
28.8283
28.7084
29.0581
29.4477
28.8595
28.9194
28.8104
28.7907
29.1835
29.1341
29.307
29.2336
29.216
29.0226
29.5322
28.7726
29.112
28.9145
29.0481
29.4408
28.6982
29.3186
29.2579
28.716
28.6792
28.702
28.4619
28.6801
28.8331
29.1069
28.8975
28.5168
29.0336
28.8602
28.6751
29.2233
28.826
28.984
29.0751
28.7093
28.6313
28.9156
29.2899
28.4924
29.076
28.7326
29.1066
28.9744
28.8513
28.8756
29.1533
29.1123
29.0183
28.9328
28.7895
29.1531
28.8285
29.2396
28.8297
28.7497
29.183
28.8962
29.2903
28.8306
28.4741
28.7837
28.5204
28.5405
28.9031
28.954
28.7448
28.7537
28.7735
28.7346
28.758
28.587
29.2842
28.6725
29.0989
28.8867
28.8994
28.4403
28.6933
29.0206
29.1589
29.2758
28.7619
29.2684
29.0628
28.7703
28.9555
28.7292
29.253
29.0667
29.0934
28.6306
28.9177
29.1097
28.9303
28.9058
28.8182
29.2569
29.2348
28.7874
29.1627
29.2989
28.6618
28.8138
29.1221
29.02
29.5086
28.9732
28.8909
28.6742
28.8914
29.1405
29.0579
28.7838
28.7045
29.0973
29.0332
29.0727
28.8272
28.6223
28.7549
28.7771
28.8865
29.0514
29.1809
29.0319
29.0464
28.7515
29.0083
29.0798
28.8402
29.0215
29.0578
28.6849
28.8564
29.0095
28.6782
28.8491
28.8362
29.2082
29.1386
29.1112
29.2363
28.9989
29.3038
28.9317
29.1846
28.7725
28.5496
28.9977
28.9096
29.1103
28.9246
29.1729
28.917
29.2473
28.9624
29.1677
28.7876
28.6371
28.7532
28.8511
29.0131
28.7868
28.4214
29.0232
28.9964
28.9501
28.6135
28.9859
29.2597
29.0869
28.7202
28.7179
28.9202
28.9224
29.2484
28.6636
29.0246
28.7516
29.2445
28.6965
28.3639
28.582
29.1443
29.3206
29.1879
29.237
29.0269
29.1209
29.1957
28.8548
28.855
29.0379
29.279
28.9317
29.0774
28.9907
29.2051
28.7434
28.7725
29.2531
28.9464
28.9399
28.4897
28.5884
28.4593
29.0591
29.0546
28.268
28.5605
28.9226
28.8694
28.8187
28.4553
28.2956
29.127
28.7097
28.7994
28.5568
28.6854
28.9522
28.6984
28.9719
28.9973
28.7311
28.904
29.1164
28.9354
28.6527
29.0597
28.5868
28.1542
28.7324
29.0125
29.4454
28.9493
29.1243
28.8296
28.6508
28.8954
28.9783
28.5367
28.3172
28.7561
28.3854
29.0967
29.064
29.2077
28.7874
28.953
28.8837
28.7799
29.2002
28.8303
28.8248
28.7207
28.9631
28.6767
28.9738
28.8701
29.0886
28.8536
28.9449
28.7812
29.1528
29.1011
28.9191
28.6905
28.9404
28.7145
28.5065
28.897
28.9323
28.8167
28.9634
29.037
28.7308
28.6709
29.1874
28.8364
28.7546
28.7638
28.9117
28.3907
29.1392
29.2123
28.8684
28.7
28.9224
29.0969
28.8696
28.7118
29.2859
28.9208
28.7109
28.8526
29.329
29.2841
29.3161
28.8263
29.1167
29.1303
29.3121
28.9219
29.0139
29.285
29.2555
29.2598
29.5328
28.7843
29.1806
29.0164
29.1898
28.82
29.2774
29.1725
28.9899
29.1369
29.4189
29.5546
29.1254
29.4812
29.7058
29.2085
29.3508
28.9806
28.6557
28.7917
29.2028
29.0236
29.2672
29.2675
29.2467
28.9856
29.4176
29.3368
29.3962
29.0579
29.1346
29.1648
29.1902
29.0782
28.9169
29.2905
29.128
29.6099
29.0808
29.502
29.2165
28.6144
29.209
29.1677
29.2892
29.4812
29.0303
29.1706
29.0728
29.1588
29.13
28.9989
29.046
29.1183
29.1547
29.2242
29.1052
29.1992
29.031
29.064
29.3003
28.4758
29.1496
29.1894
29.1421
29.0935
28.8975
29.173
29.2877
29.3518
29.1197
29.2009
29.3519
29.2557
29.0076
29.0636
29.3641
29.2322
29.0426
29.0574
29.2319
29.2374
29.038
29.3826
29.0765
29.198
28.716
29.1072
28.7622
28.9161
28.8949
28.6602
29.1808
28.6374
28.8711
28.9157
28.7578
28.7761
29.0013
28.8106
28.9653
28.6418
28.9337
28.6834
28.7882
28.4342
28.795
29.254
28.7508
28.8172
28.7124
28.9716
28.4127
28.8622
28.7371
28.9636
28.8807
28.9452
29.0864
28.7627
28.9473
28.7217
28.4796
28.7548
29.1095
29.0002
28.949
29.0216
28.7297
29.0867
28.6886
28.9287
29.2127
28.8805
28.9574
28.9313
28.8809
29.0295
29.0398
28.8652
28.3351
28.6889
28.3815
28.8756
28.7949
28.8434
29.0181
29.2211
28.7539
28.5808
28.733
28.6644
29.1962
28.922
29.133
28.5807
28.5851
28.6455
28.6645
28.97
28.2889
28.8446
28.7619
28.9798
28.5938
28.8486
28.927
28.2177
28.9614
28.597
29.0563
29.0834
28.935
28.9377
29.0466
28.887
28.7364
29.0255
28.5914
28.7331
28.8032
29.0764
28.5475
28.8716
29.1254
28.7616
28.7092
29.243
28.7629
28.873
28.879
29.1174
28.8498
28.9273
28.7441
28.7409
28.5748
29.2239
28.7908
28.525
29.1768
29.0786
28.6649
29.0185
29.2328
28.3005
28.6942
28.7141
29.4426
29.0131
28.783
28.9494
28.8621
28.9773
28.6285
29.0677
28.6258
28.6303
28.6041
29.0169
28.7081
29.0812
29.0401
29.0755
28.8542
28.9615
28.8125
28.6436
29.0061
28.3953
29.057
28.8014
28.697
28.3451
28.8034
28.8356
28.87
28.4678
28.8827
28.9216
28.9737
28.6329
28.7238
28.6612
28.5639
28.7243
28.9298
28.6731
28.4909
28.6734
29.1479
29.0172
28.8381
28.6206
29.0379
28.9328
28.7597
28.9332
28.7127
28.8167
28.705
28.914
28.9537
29.0953
28.6018
28.7843
28.7048
29.1196
28.7573
29.1633
29.1508
28.3777
28.9613
28.9179
28.3193
28.7517
28.6955
28.6521
28.5244
28.8362
28.2894
28.8746
28.3896
28.7075
28.4775
29.0135
28.8674
28.9405
28.3231
28.6264
28.9703
28.8274
29.4355
28.7707
28.3799
28.2234
28.6471
28.5678
29.077
28.7145
28.549
28.9189
28.0839
28.8661
29.0981
28.6532
28.5551
28.7323
28.8414
28.7948
28.5911
28.7757
28.8648
28.6095
28.7676
29.0406
28.9834
28.7648
28.9654
28.5718
28.8578
28.5907
28.9354
28.2265
28.5621
28.6435
28.7356
28.2869
28.4908
28.3376
28.6776
28.6823
29.1329
28.9854
28.7463
28.6107
28.7209
28.7782
28.4496
28.4891
28.7058
28.5709
28.652
28.5671
28.5229
28.8209
28.967
28.9587
29.0629
28.3491
28.6712
28.957
28.6952
28.5493
28.5606
29.1522
28.7787
28.8349
28.4761
28.729
28.7583
28.6465
29.0044
28.7922
28.7158
28.4566
28.502
28.7494
28.7562
28.6318
28.8559
28.7117
28.4941
28.5518
28.8289
28.6294
28.5979
28.6812
28.6237
28.4889
29.0861
28.3409
28.598
28.7357
28.6028
28.5289
28.4518
28.6437
28.9254
28.4507
28.5869
29.2782
29.1171
28.4994
28.7414
28.6398
28.9949
28.6404
28.7457
28.8401
28.636
28.6644
28.6225
28.5444
28.7648
29.0436
28.9134
28.9092
29.0272
28.5115
28.7036
28.5147
28.756
28.8001
28.7315
28.8041
28.3554
28.8325
28.5015
28.6474
28.6745
29.0737
28.7302
29.0262
28.6777
28.5202
28.1803
28.6897
28.8284
28.6441
28.7091
28.7326
28.867
28.9878
28.7591
28.9167
28.7474
29.1536
28.8519
28.9553
28.8373
28.453
28.6077
29.1287
28.7353
28.5663
28.6246
28.5733
28.7491
28.8622
28.6991
28.8035
28.7528
28.8571
29.0566
28.9107
29.0057
29.0593
28.4011
28.8337
29.0305
29.0014
29.0475
29.0145
28.8999
28.7089
28.677
28.8134
28.8581
28.5368
28.9823
28.7884
29.2588
29.0498
29.1995
28.9732
28.9513
28.76
28.7423
28.5717
28.8131
29.2882
29.1975
28.6674
28.869
29.0517
29.0654
28.8712
29.0009
29.0324
28.9312
28.9038
29.2343
29.0487
28.9839
29.5428
29.3792
28.8104
28.8488
28.7238
28.8943
29.3401
28.9803
28.7221
29.1707
29.1471
28.6573
28.9228
28.7517
28.9864
28.9959
29.4046
28.9549
29.4808
28.5729
29.1006
29.2204
28.9427
29.0576
28.8064
29.2429
28.4871
29.1204
28.761
28.5633
28.7062
28.3175
29.5287
29.084
29.0045
28.7807
29.0953
28.7881
29.1289
28.8326
28.8966
29.2539
29.3698
28.7645
28.8499
29.0071
29.3825
29.0335
28.8709
28.9059
28.6334
29.0903
29.3893
28.7323
29.0896
29.1483
29.1122
28.6796
29.1495
29.1717
29.098
28.938
28.9425
28.6254
28.9326
28.9177
28.717
29.0784
29.2433
28.862
28.726
28.9335
29.0791
28.973
29.0823
29.2931
28.8174
28.7777
29.3072
29.0894
29.4098
29.0758
29.1696
28.4684
28.5574
28.6704
28.754
29.1967
28.8482
29.231
29.3813
29.2816
29.0317
29.349
28.966
29.2322
28.7318
29.0142
29.1572
29.1281
29.0219
28.8594
28.8213
29.0704
29.0059
28.855
28.9617
29.3287
28.7719
29.1126
28.4705
28.9594
28.7417
28.6233
28.7375
28.6816
28.9476
29.2231
29.0605
29.3208
28.9597
29.467
28.6608
29.3035
28.9631
28.7854
28.9825
29.1944
29.0379
29.0389
28.5113
28.7298
29.3353
28.7464
28.8445
28.8326
28.7185
29.0869
28.9729
29.1342
28.6189
28.5441
28.296
28.4911
28.5615
28.3469
28.5362
28.3554
28.5402
28.8148
28.7669
28.6129
28.4709
28.6374
28.7356
28.6716
29.0779
28.4639
28.8617
28.7532
28.5632
28.1493
28.6123
28.6915
28.5824
28.4756
28.7428
28.7049
28.9647
28.2228
28.6246
28.6327
28.5822
28.964
29.0127
28.601
28.5419
28.4988
28.6194
28.9617
28.7649
28.7091
28.7046
28.8608
28.5452
28.7839
28.7741
28.7632
28.7879
28.7478
28.5854
28.5764
28.5372
28.4131
28.6035
28.6588
28.7851
28.5185
28.4814
28.4437
28.839
28.379
28.5057
28.3313
28.4781
28.717
28.6481
28.7221
28.4564
28.9958
28.4898
28.787
27.8564
28.2397
29.0129
28.398
28.707
28.8294
28.7719
28.494
28.2089
28.8079
28.6619
28.6605
28.5969
28.6279
28.8654
28.7638
28.9585
28.9881
28.5906
28.6904
29.044
28.9879
28.7475
28.4877
29.1277
28.4772
29.0522
29.3965
28.8297
29.041
29.0164
28.7948
28.9584
29.002
28.7955
28.7148
28.4906
28.7753
28.9193
29.2337
29.1485
28.7074
28.8026
28.9272
28.6161
28.8155
29.1248
28.7741
28.7835
28.803
28.7
28.2661
29.091
29.3106
29.2411
28.8614
29.0869
28.9808
28.9454
28.6317
28.6969
29.0689
28.6146
28.8406
28.9871
29.08
28.6246
28.9102
28.82
28.7283
29.1479
28.9339
28.9147
28.8424
28.6643
28.8595
28.8287
28.8801
28.7844
28.5982
28.6862
28.9736
28.9542
28.8702
29.4106
28.8166
28.9592
28.6807
28.6815
28.9392
28.5884
29.3115
28.6463
29.2718
29.0586
28.9607
28.8799
28.9459
28.8288
28.6347
29.3814
28.7937
28.7572
29.0213
28.7112
28.688
28.9387
28.7103
28.7645
28.7967
29.1754
29.016
28.6971
28.6984
28.422
28.6897
28.9843
28.9316
28.5055
28.8577
28.9868
28.6492
28.8592
29.1251
29.0903
28.8514
28.9378
29.0756
28.9793
29.0826
28.4396
28.6976
28.6769
29.4432
29.2095
28.9352
28.9249
28.6686
29.1367
28.9355
29.3236
29.0414
28.9574
28.896
28.9281
28.8679
29.1962
28.8604
28.9084
28.7449
28.9139
28.6549
28.9295
28.604
29.0654
28.8859
28.7053
28.679
28.997
28.2606
28.7859
29.3226
28.9957
28.7194
29.1063
28.8215
28.5369
28.8134
29.0292
28.8485
29.335
28.9321
28.9041
28.6538
28.7036
28.9903
28.6905
28.7659
28.6217
29.3803
29.3578
28.6758
29.0193
28.6197
29.2469
28.8824
28.9607
28.8521
29.1055
28.644
28.8351
28.6163
28.6778
28.7577
28.7714
28.9966
29.0231
28.55
28.9377
28.8217
28.9454
28.9182
28.6753
28.5545
28.9022
28.6451
28.6183
28.9642
28.6406
29.2382
29.145
28.7734
29.0268
29.0748
28.6119
28.6717
29.0035
28.9224
28.6749
29.0681
29.0255
28.7935
28.8503
28.8987
29.0231
29.1522
28.7728
28.8216
28.9933
28.9976
29.0587
29.1811
28.9075
28.7018
29.1416
28.7145
28.8531
28.9733
28.8899
28.7135
28.7873
28.9203
28.6705
28.7947
28.5785
28.9707
28.8191
29.0771
29.0697
28.3871
28.9371
29.0641
28.9252
28.7734
28.8054
29.2518
28.7858
28.8147
28.6408
29.1237
29.0153
28.5705
28.8281
28.9143
29.1411
28.9342
29.3231
29.0093
28.8281
29.1439
28.6617
29.0737
29.1775
28.8989
28.9588
28.7959
28.922
29.07
28.5235
29.1392
29.1482
28.7872
29.1359
28.5711
28.7646
29.1882
28.6911
28.9527
28.9842
28.9482
28.7892
28.2227
29.0971
28.9741
28.9192
28.7738
28.5681
29.1743
28.9543
28.9838
28.7106
28.6815
28.5222
28.8619
28.9996
28.9095
28.775
29.3563
28.6405
29.1891
28.5437
28.824
28.885
29.0064
28.3998
29.0525
28.5328
28.8722
28.8254
28.9561
28.6639
28.4411
28.6117
28.9125
28.7433
29.0773
28.7905
28.7762
28.9527
28.5202
28.7924
29.2087
28.5424
28.8482
28.8124
28.8136
29.1084
28.951
28.6872
29.0785
28.9514
28.8265
28.9753
28.5666
29.2767
28.572
28.998
28.6224
28.9363
28.8313
28.6501
28.7385
28.961
28.7774
28.9848
29.1035
28.5044
28.6485
28.768
29.1778
28.8742
28.6758
29.0175
29.2414
28.7796
29.2256
28.8781
28.7034
29.235
28.7759
28.6827
28.6661
29.0055
28.7938
28.7494
29.1919
28.884
28.9587
29.0116
29.0297
28.8713
29.134
28.6445
28.9914
28.3722
29.0384
28.9301
29.0418
28.8958
29.1694
29.1729
28.8201
29.1646
29.0932
29.1509
29.0112
28.7644
28.9954
29.3841
29.1859
28.6361
28.8143
29.2706
28.2875
28.8872
28.6911
28.8741
28.7678
29.0802
28.6686
29.0366
28.406
29.0037
29.1969
29.0946
29.0198
28.9688
28.9823
28.8844
29.0176
28.8856
28.9813
28.9372
28.7649
29.097
29.0031
28.9706
29.0593
28.7178
28.5649
28.6638
28.7675
28.7478
28.6809
28.7882
28.9001
28.4685
29.312
28.9879
28.4657
28.6343
28.8565
28.7612
28.6231
28.7716
29.0828
28.9727
28.8666
28.8517
28.8292
28.5922
29.001
28.9075
28.9448
28.8976
28.5865
28.292
28.9065
28.9553
28.7625
28.7175
28.9561
28.9614
29.0939
28.2816
28.354
28.7485
28.6123
28.6137
28.6742
28.9633
28.6385
29.0489
28.6828
29.1854
28.7807
28.3841
29.0605
28.6616
28.9225
28.8177
28.6975
28.691
28.607
28.7998
28.7417
28.7707
28.6312
28.5839
29.0357
28.8339
28.7917
28.8096
28.4861
28.503
29.0591
28.7533
28.7344
29.0214
28.6348
28.5931
28.4732
28.9753
28.7151
28.9553
29.0556
28.4992
28.8685
28.7988
29.2044
28.1463
28.9361
28.6556
28.8493
28.7838
28.939
28.728
28.8619
28.8088
28.7003
29.23
28.7159
28.8368
28.8386
28.7559
28.8031
28.8471
28.6373
29.0419
28.6059
28.8078
29.0567
28.7907
28.6769
28.8467
28.7586
28.9392
28.7593
28.9374
28.8994
28.7561
28.9506
29.2302
28.5842
28.8332
28.8305
28.7314
28.9956
29.0945
28.7899
28.801
28.8598
29.0473
28.9909
28.9207
29.054
28.7453
28.5788
28.7737
28.76
29.0417
28.6228
28.3067
28.9183
28.7695
28.7959
29.4974
28.6426
28.6833
28.7271
28.5135
28.9438
28.4167
29.1327
28.1977
29.1074
28.5615
28.7709
29.1076
28.4172
28.7213
28.5988
28.5683
28.7735
28.7489
29.1515
28.8857
29.0375
28.5886
29.0282
28.6506
28.3852
28.8064
28.8922
29.1701
28.7174
28.7359
28.8154
28.8639
28.8793
28.64
28.6459
28.5243
28.7838
28.8427
28.9141
28.7226
28.686
29.0375
28.7666
28.6958
29.3813
28.8278
28.9111
28.8977
28.6435
28.8524
29.0719
29.0142
29.2415
29.0736
28.8644
28.7216
28.6754
29.0395
28.5377
28.6379
28.717
28.5653
28.7403
28.4082
28.7296
28.9068
29.0538
28.7406
28.9049
28.7709
29.0037
28.6782
28.8174
28.5358
28.979
28.4945
28.9682
28.9184
28.7092
28.5237
28.8107
29.1857
28.5984
28.8308
28.7677
28.7043
28.5014
28.195
28.824
28.8737
28.7144
28.9653
28.7702
28.5246
28.7229
28.9391
28.6356
28.8664
29.0409
28.64
28.7812
28.5111
28.2146
28.9224
28.7047
28.32
28.6882
28.7543
28.7609
28.7929
28.7433
29.141
28.9801
28.484
28.8413
28.8359
28.7608
28.8019
29.2189
28.5511
29.2344
28.5402
28.8949
29.1254
28.9641
28.7207
28.9301
29.1248
28.6329
28.872
29.002
28.9506
28.9461
28.5599
29.2517
29.0956
28.6418
28.6316
28.8459
28.8979
28.9871
28.8317
28.6562
28.9499
29.044
29.1806
28.8389
29.4648
28.8038
28.8644
29.223
29.0221
28.6685
29.0302
28.7743
28.7925
28.7022
29.1358
28.9464
28.8623
28.9162
29.1018
28.6961
28.7228
28.6642
29.009
28.8316
29.1219
29.0778
29.1477
28.9227
28.9517
28.8641
28.5769
28.5905
29.0468
28.7514
29.2019
28.5718
29.0034
28.6827
28.8943
28.7148
28.7503
28.608
29.5086
29.1199
28.9227
28.8564
28.3124
29.1881
28.9227
29.2585
28.9634
29.1006
28.9227
28.7652
28.7613
28.3947
28.358
28.9389
29.0963
29.075
28.8318
29.1287
28.6977
28.6259
28.7228
29.2067
28.9662
28.7591
28.7985
29.0069
28.9751
29.2053
29.0483
28.7505
28.9291
28.544
28.6297
29.1234
28.7156
28.4229
29.1802
28.7964
28.7895
28.9828
28.7866
28.8835
28.9327
29.0047
28.6692
28.839
28.8573
28.9413
28.9045
28.7593
28.6407
28.2688
28.9504
28.7411
28.3814
28.7438
28.7981
28.8022
28.6361
29.2844
29.1317
29.1294
28.6925
28.7447
28.8089
28.7186
28.8348
28.5846
29.0408
28.7094
28.6455
28.5333
28.5918
29.3355
28.8016
28.6017
29.0104
28.7488
28.847
28.7372
28.8908
29.0471
28.7781
28.6204
28.8385
29.1864
29.2733
28.7214
29.1435
28.7377
28.6865
29.4652
29.3256
28.8781
29.318
29.2092
29.3593
29.3306
29.0074
29.3559
29.4131
28.7576
29.0099
28.8404
29.2624
29.0391
28.7645
28.81
29.1169
28.9152
28.8904
29.0997
28.8387
29.1485
29.1735
28.9431
29.347
29.1431
28.6439
29.0612
28.7094
28.9613
29.1591
29.1086
28.8929
29.0334
28.8165
28.6198
28.742
29.2451
28.7862
29.0582
29.1099
29.0842
28.7476
28.8787
29.276
28.8122
28.8553
28.6611
28.9321
29.1211
29.0574
29.0698
28.6498
28.9754
29.1399
29.1693
28.7196
29.1216
29.3335
29.0548
28.7742
28.4675
28.9767
29.49
29.2655
29.108
28.8718
28.8788
28.8629
29.1832
28.7346
28.677
29.2301
29.0642
28.5064
29.189
28.9408
28.691
28.9841
28.7536
29.1526
28.9459
28.896
29.0938
29.0613
29.2144
29.4635
28.7873
29.3958
28.5981
29.1314
28.9638
28.8955
28.724
28.804
28.93
28.7922
28.9923
29.2092
28.8545
28.5963
29.3438
28.5876
28.7903
28.7121
28.9273
28.6856
29.0372
28.7579
28.7775
28.9312
28.7875
28.4603
29.1225
29.2755
29.3186
28.5627
28.9205
28.4869
28.9798
29.5325
29.0662
28.9231
29.0521
28.6887
28.8335
29.1279
29.0925
28.6216
29.4487
29.0839
28.837
28.7668
29.0565
28.9036
28.9449
28.6647
28.9089
28.8065
29.1567
29.1443
29.265
29.0285
28.9909
29.2828
29.149
29.0669
29.2492
29.0043
28.8976
28.9468
28.8421
28.697
28.8234
29.065
28.7791
28.6629
29.0138
29.2834
29.0378
29.0275
29.0393
28.6418
29.2917
28.8353
28.8311
28.9201
28.777
28.6509
28.8436
28.9234
29.0599
29.3125
28.9143
28.9066
29.0471
28.9776
29.0419
29.2064
28.9663
29.0129
29.1971
28.9273
28.6536
29.0389
29.0007
28.9036
28.6664
28.7069
29.1014
28.655
28.9534
28.6278
28.7202
29.0437
29.2608
28.9418
28.9694
28.5217
28.7933
29.0526
29.2008
28.7935
28.9624
29.3761
28.7174
28.8315
28.9116
28.7921
29.2522
28.7921
28.7076
28.8857
29.008
29.2779
28.9175
29.1028
29.044
28.8617
28.9373
29.1155
29.0644
28.415
28.5125
29.2707
29.0285
28.3538
29.1911
28.5498
28.5
28.6161
29.1174
28.881
28.6071
28.5127
28.8562
28.4004
28.7108
28.4282
28.5313
28.4429
28.2845
28.7907
28.9166
28.6411
28.81
28.6725
29.046
29.1738
28.632
29.0174
28.4504
28.9482
28.6716
29.0743
28.5364
28.8149
28.634
28.784
28.2928
28.9017
28.7186
28.488
28.7075
28.6043
28.2413
28.9636
28.7635
28.8202
28.824
28.6309
28.8925
28.5565
28.4523
28.555
28.7279
28.9174
28.3107
28.997
28.6567
28.7195
28.8603
28.797
28.8399
28.5179
28.6566
29.2181
28.9879
28.6602
28.9096
28.7428
28.9067
28.8851
28.7717
29.1493
29.3713
29.0167
28.9426
29.0028
28.8681
29.1458
29.1543
28.8942
28.6153
29.1268
28.8291
29.1482
29.0227
29.276
29.2428
29.5414
29.1476
29.1143
29.0754
29.3863
28.6282
29.3514
29.1282
28.5474
29.4462
29.2256
29.0896
28.8809
29.3355
28.7175
29.1622
29.4133
28.6932
28.9142
29.1846
28.5955
28.7486
28.9153
28.8981
28.8663
29.2651
28.9637
28.5179
28.9146
28.7231
29.0316
29.0582
29.2416
28.8132
28.7994
29.0933
28.9213
29.1867
28.8134
28.5934
28.9149
29.1212
28.8519
29.0519
28.5873
28.9498
29.0663
29.1167
28.8337
28.8508
28.8449
28.7064
28.9678
29.3703
28.6448
29.148
28.9004
29.6371
28.6944
29.1014
28.7876
28.5865
28.6011
28.7347
28.5313
28.6487
28.8954
28.8881
29.0778
28.7202
29.1866
28.7059
29.3525
28.55
28.7677
28.8681
28.9282
28.7009
28.6474
28.8225
28.6288
29.165
29.1965
28.8738
28.4615
28.7766
28.9438
28.9237
28.2979
28.8395
28.7767
28.8939
28.9587
28.8703
28.6711
28.8188
28.9713
28.9692
28.9781
28.9215
28.8515
29.1923
28.5534
28.7221
28.9897
28.7856
28.3879
29.2061
28.7517
28.7956
28.7069
28.9937
28.857
29.2558
28.7269
28.8529
28.6632
28.8344
28.8027
28.5458
28.5824
28.5586
28.8355
28.5805
28.4977
28.772
29.1184
29.1332
28.8011
28.9459
28.8693
28.7537
28.6581
28.9737
28.7412
28.5829
28.5851
28.5554
28.8597
28.7241
28.7324
28.4449
28.4002
29.0387
28.7459
28.7209
28.5454
28.6514
28.9528
28.3526
28.5864
28.6636
28.6249
28.6334
28.8163
29.002
28.44
28.6018
28.6766
28.6432
28.7993
28.5644
28.5112
28.5174
28.8269
28.6728
28.747
28.8565
28.7668
28.741
28.4404
28.9855
28.5283
28.4753
28.3392
29.0664
28.799
28.6739
28.576
28.3779
29.1105
28.823
28.7489
28.5094
28.8022
28.7497
28.9269
28.6171
28.7533
28.9289
28.5321
28.3235
28.9143
28.9136
28.7372
28.6113
28.6821
29.0474
28.8231
28.8432
29.1537
29.1621
28.9934
28.9889
28.7999
28.5988
29.0019
29.0498
29.3346
29.3472
28.9947
29.682
29.1156
28.9598
29.1052
28.7737
28.8955
28.984
28.9053
28.9903
29.4691
29.1148
29.327
28.9328
29.4036
29.3382
29.4248
29.1349
29.3805
28.9309
28.564
29.311
29.0359
28.647
28.9781
28.6799
29.4051
28.7584
29.3389
29.1417
29.1483
28.7761
29.2796
28.8203
29.2565
29.5029
29.4556
29.083
28.9473
28.9706
28.9117
28.7989
28.4076
28.9522
29.2971
29.0013
29.0084
28.9172
29.2382
29.2152
28.9525
28.8792
29.0792
29.2314
29.2417
28.8587
28.8122
29.054
28.8414
28.862
29.2019
29.3036
29.116
28.6367
28.4955
28.4614
28.9164
29.2047
29.2388
29.1591
29.1388
29.1143
28.997
28.8258
28.5506
28.4535
28.8938
29.043
29.147
28.61
29.2057
28.8256
28.5428
29.155
29.0146
29.1329
29.0444
29.0846
28.8206
28.7357
29.2489
28.878
28.779
29.0702
28.9097
28.8049
28.8813
28.9384
28.9455
29.1152
29.1028
29.1542
28.9705
28.7671
28.8685
28.6828
28.8111
29.2715
29.1126
29.1118
29.1552
28.7978
29.1278
29.3384
29.1008
29.1205
28.521
28.7333
28.9705
28.7864
28.9682
29.0286
29.2258
29.4076
28.7892
28.7231
29.4075
28.4794
28.8894
29.2246
28.8352
28.5007
28.4521
28.7952
28.5506
28.4374
28.8909
28.8461
28.4294
28.7302
29.0156
28.5267
28.7315
28.9284
28.7278
28.6382
28.7474
28.8508
29.0123
29.0375
28.7076
29.1377
28.9359
28.6953
28.7958
28.4307
28.8569
29.269
28.7387
28.5022
28.4953
28.6784
28.3139
28.8068
28.608
28.7349
28.523
28.7293
28.5827
28.7132
28.5094
28.6043
29.002
28.5683
28.6099
28.6068
28.6396
28.6428
28.6944
28.7763
28.6076
28.9733
28.624
28.7183
28.7616
28.8533
28.7416
28.3257
28.6469
28.6043
29.0385
28.5302
28.7382
28.8843
28.5191
29.029
28.7829
28.4882
29.0474
29.2949
29.3249
29.1391
28.956
29.1132
28.8231
28.9778
28.6855
29.081
28.6897
28.7403
28.8433
29.0476
29.2453
28.9617
29.1545
29.271
29.1151
29.1835
29.1968
28.8684
29.2784
28.5685
28.895
28.5511
29.3721
28.8734
28.9244
28.4559
29.4523
28.6407
28.911
28.9717
29.1063
29.0591
29.276
28.9625
29.4247
28.6846
28.7605
29.2504
28.9717
29.3048
28.6876
28.2731
29.1517
29.0899
28.9498
28.7854
29.1217
28.8617
29.0988
28.9616
28.4968
29.0241
28.8521
28.8377
29.0741
28.982
29.2899
28.6305
28.4286
28.9724
29.0282
29.0307
28.7766
28.4399
28.7136
29.0074
28.8946
29.0904
28.6446
28.9557
28.4711
29.1131
29.0017
28.444
28.7087
28.5838
28.6866
28.9281
28.755
29.1635
29.0006
28.8546
29.0957
29.0145
29.0758
28.8028
28.7702
28.8327
28.7768
28.7028
28.7048
28.614
28.3075
28.6844
28.6694
28.5749
28.838
28.8404
28.7595
28.4185
28.7367
28.9501
28.7815
28.8542
28.8676
29.0731
28.9634
28.8806
28.9861
28.7139
28.7851
28.1451
28.6093
28.726
28.7419
28.6669
28.8585
28.9258
28.523
28.8434
28.5368
29.2172
29.0895
28.4669
28.5795
28.7232
28.7673
28.5272
28.8522
28.4961
28.8252
29.2815
28.8192
28.5012
28.9991
28.5121
28.9799
28.7104
28.5104
28.8732
28.6122
28.5413
28.9522
28.7983
28.6488
29.027
28.5124
29.0267
28.9014
28.9483
29.2979
28.7209
28.6239
29.07
29.0656
29.3285
28.5619
28.3654
28.5379
28.3933
28.651
28.7766
28.9541
28.6868
28.3308
28.6227
28.9177
28.7007
28.9039
28.5177
28.6818
28.7261
29.0242
28.805
28.5324
28.591
28.849
29.5237
28.4281
29.0301
28.51
28.7054
28.586
28.4327
28.4717
28.8263
29.0848
28.2898
28.6309
28.7236
29.0262
29.108
28.439
29.0578
29.3516
29.2432
28.9598
28.875
29.0993
28.4233
28.7979
28.8634
28.4624
28.6882
28.3914
28.3801
28.4402
29.0566
28.5909
28.9989
28.7298
29.1014
28.7397
29.2008
28.4952
28.8943
28.772
28.8914
28.9684
28.679
28.8467
28.578
28.5222
28.9139
28.6544
28.5278
28.4507
28.9247
28.5816
28.6983
28.5694
28.6765
28.7644
28.5892
28.9419
28.7843
28.4465
28.6179
28.7154
28.5611
28.9708
29.3742
28.8364
29.1487
28.9363
28.8939
28.9657
28.3832
28.6804
28.8957
28.4628
28.8084
28.8798
28.5395
28.8319
28.7739
28.6847
29.3521
29.2395
29.2387
28.9676
28.9099
29.1359
28.7594
28.9829
28.6776
28.7067
28.9095
28.6085
29.0068
28.8668
29.1593
29.3813
29.2682
29.0808
29.0627
28.925
29.1848
28.8289
28.8815
28.8132
28.8903
28.9818
28.3918
28.7381
28.7351
28.9766
28.7338
28.8981
28.8896
28.7357
28.8475
28.7154
28.9537
28.6025
28.9042
28.845
28.7093
28.7176
28.7528
29.0235
28.8947
28.9711
28.5712
29.134
29.0299
28.7089
28.7538
28.8577
28.6395
28.7949
28.6048
28.7056
29.4082
29.0061
28.7944
28.9269
28.957
28.7059
28.676
28.8577
29.3905
28.8258
29.2066
28.94
29.1923
28.8197
28.9607
29.0765
29.0777
28.6322
29.2778
29.1036
28.5211
29.164
29.0677
29.2775
28.8906
29.2109
29.4066
29.5081
29.14
29.2636
29.1296
29.1489
29.06
29.1781
29.3465
28.7237
28.9675
29.1497
29.0724
29.2578
28.8424
29.6254
29.0214
28.8374
29.1467
28.843
28.5551
28.8145
29.1664
28.6133
29.0217
29.2248
28.6817
29.4081
29.2353
29.2372
28.9103
29.1773
28.7135
28.9221
29.079
29.1305
29.3071
29.0397
29.0261
29.0156
29.2022
29.0653
28.9956
29.5575
29.0858
28.8752
29.3461
29.3915
29.2004
28.9894
28.8
28.9051
28.7345
28.7992
28.9904
28.6898
29.1789
28.716
29.0612
28.9755
29.0676
28.9162
29.2651
29.0417
28.8463
28.673
29.0977
28.6936
29.1355
29.0604
29.0932
29.3299
29.1966
29.0179
29.1888
29.0055
29.2586
28.8305
28.6819
28.9937
28.3713
28.8023
28.9315
29.0607
28.6955
28.7454
28.9391
29.126
28.9121
29.1661
29.2488
28.9256
29.0578
29.0571
28.8497
28.8856
29.3577
29.2044
28.9418
28.8062
29.0541
28.7674
29.0898
28.9006
29.2851
29.2002
28.7563
29.0872
28.8356
28.7138
28.3417
29.2052
28.7427
28.8617
28.8396
28.7095
29.1455
29.2179
29.1169
29.1229
28.9054
28.9115
28.6728
28.7851
28.8841
28.8856
29.0756
28.4771
29.1475
28.5959
28.6418
28.6747
28.5959
28.7678
28.9585
28.8466
28.842
28.8018
28.9389
29.4191
28.519
28.9312
29.255
28.7545
29.3217
29.0544
28.8454
28.7938
29.0709
28.4573
28.7042
28.424
28.8595
29.124
28.6376
28.72
29.0524
28.8457
28.7957
28.9397
28.9421
28.7932
28.869
28.3957
28.9297
28.5003
28.9946
28.7458
28.8433
28.7909
29.1824
28.9273
28.8372
28.9798
28.7
28.8992
29.0473
29.2647
29.1694
28.8559
28.8255
28.7664
28.7942
29.0951
29.1254
28.9066
28.5772
29.081
28.9526
28.5981
28.8856
29.0381
28.922
28.7575
28.8649
28.9653
28.6694
28.8535
28.8161
29.0653
29.1004
28.8803
29.0751
28.8165
29.0621
28.8817
28.6409
29.3952
28.7697
29.1909
29.0037
28.689
29.1202
28.7807
28.9044
28.6849
29.1486
28.9215
28.8201
29.0535
29.0355
29.1607
28.9351
28.8148
28.7021
28.5877
28.9588
28.7353
29.0801
28.8069
28.6121
28.8145
29.0395
28.8638
28.9513
28.733
28.6983
29.0049
28.7801
29.0773
28.84
29.0563
28.8412
28.9439
28.6425
28.5556
28.6217
28.8374
28.4855
28.5034
28.6873
29.0928
28.6397
28.7842
28.7712
28.5975
28.7813
28.5346
28.7164
28.6122
28.5733
28.8066
28.9041
28.9002
28.5053
28.8777
28.6275
28.8744
28.688
28.9057
29.0883
28.6606
28.8866
28.9129
29.0087
28.8161
29.0141
28.9127
28.8821
28.6641
28.6502
29.0033
28.8648
28.9497
28.8483
29.1705
29.2193
28.7944
29.1467
29.0318
29.111
29.3804
29.4635
29.2737
29.07
28.9498
29.1577
28.3691
29.0386
29.3351
28.5969
28.915
28.6685
28.8809
28.8795
29.0887
29.4269
28.8814
29.1634
28.7658
29.0856
29.4168
29.2196
29.0627
28.6517
28.9916
28.7929
28.9515
28.9105
28.758
28.5164
29.2688
29.0092
28.9365
29.2958
28.6888
29.0612
28.8914
29.0397
28.7458
28.9089
29.1718
28.9747
28.8948
29.0797
29.188
29.3799
28.7849
28.98
28.8337
28.7905
28.7392
29.0178
28.8371
28.6835
29.0938
28.6971
28.5914
28.95
29.0867
28.6482
28.7088
28.8102
28.9003
29.0821
28.7562
28.7119
28.5329
28.7318
28.581
28.1568
28.5389
29.0216
28.4826
29.0807
28.61
28.9019
28.4449
28.434
28.9051
28.5913
28.492
29.0527
29.0104
28.4979
29.1216
29.2332
28.6465
29.0082
28.7954
29.0577
28.9494
28.6011
29.1796
28.7242
28.9123
28.6697
28.9309
28.3992
29.0265
29.0207
28.8275
28.6893
28.8175
28.8568
28.5937
28.5691
28.5091
28.8645
28.8924
28.9325
29.1087
28.9286
28.9043
28.9638
29.4225
28.568
29.0256
28.6016
28.3459
28.8639
29.1504
28.4182
28.9423
28.8519
28.3212
28.6751
29.0462
29.0045
29.2423
28.8247
29.361
28.8173
28.8569
29.0927
28.7128
28.8689
29.2363
28.5878
28.7126
28.6303
28.8268
28.4369
28.9636
28.7407
28.6245
29.0127
28.6906
28.8999
28.7447
28.5577
28.9083
29.1246
28.8829
28.8042
28.4716
29.1054
28.8214
28.7355
28.807
28.6332
28.6119
28.6884
29.0735
28.7762
28.9131
28.7719
29.2086
28.9801
28.9716
28.7022
29.004
28.5812
28.7341
28.4268
29.1162
28.6755
28.3521
28.4869
28.6501
29.0168
28.8064
28.7557
29.0444
28.7419
28.534
28.9069
29.1034
28.7284
28.643
28.5687
28.273
28.8364
29.0802
28.4993
28.9048
28.9406
28.8927
28.9307
29.1176
28.9069
28.89
28.7507
28.7701
28.4908
28.6346
28.7478
28.9212
28.5161
28.8493
28.8454
28.9931
28.9204
28.7208
28.7493
28.9341
28.7629
28.8411
29.2067
28.7748
28.8276
28.8331
28.9629
28.8837
28.7764
29.1198
28.797
28.6742
28.7146
28.5001
28.9745
28.8324
28.6935
29.0812
28.7653
28.8772
29.0608
28.4237
28.6128
28.9242
28.9896
29.1799
28.7998
28.652
28.4473
28.3919
28.7849
28.8912
28.4197
28.6965
28.9122
29.0653
29.0211
28.7315
29.0053
28.8962
28.5634
28.4902
28.5534
29.1243
29.1718
28.8763
28.8781
29.2231
29.0514
28.6939
29.2152
28.8033
28.9701
28.474
29.057
28.5717
28.7104
28.6018
28.8369
28.6123
28.9046
28.9939
28.7005
28.8725
28.9475
28.7826
28.802
28.8944
28.8091
29.0837
28.9353
28.7603
29.0077
28.2049
28.6082
28.765
28.6514
29.1854
28.5556
28.8012
28.9004
28.5541
28.5822
28.4892
28.5875
28.4238
28.8453
28.578
29.2614
28.932
28.4854
28.8096
28.5395
28.9669
28.9037
29.2707
29.1354
28.6023
28.6051
28.8548
28.7024
28.3013
28.9847
28.8809
28.8304
28.9979
29.1505
29.1439
28.6449
28.8479
28.9307
28.5974
28.9613
29.2338
28.851
28.9333
28.5585
28.9505
28.6807
28.76
28.5284
29.0939
28.9211
28.8793
28.8006
28.5355
28.8928
28.6629
28.9163
28.5122
28.8026
28.649
28.8688
29.1162
28.955
28.6205
29.2404
29.1568
28.8626
28.6947
28.5296
28.6789
28.7311
28.8407
28.713
28.9327
28.8818
29.1692
28.9854
28.8787
28.8838
29.0361
28.9323
29.2404
28.9696
28.8541
29.2511
29.2773
28.9413
29.0811
28.75
28.6928
28.7225
29.1129
28.8931
28.9103
28.6125
28.9808
28.6656
28.7687
29.4686
28.9698
28.436
28.5838
28.9176
28.4145
28.6001
28.9646
29.1726
28.838
28.9539
29.4604
28.8969
28.9729
28.9123
28.8986
29.1221
29.2213
28.9894
28.9989
29.2055
28.9132
28.9124
28.9845
28.78
29.0778
29.1998
28.6251
28.9333
29.0535
28.9954
29.0221
28.7365
28.7649
28.8724
28.7931
28.9553
28.7444
29.0759
28.8547
29.2523
28.5724
28.9419
28.5782
28.9383
29.0259
28.8999
28.6434
28.7549
29.2018
28.7496
28.9155
28.9382
28.5965
28.9048
28.8678
28.5432
28.6195
28.9572
28.9602
29.1319
28.4945
28.772
28.688
28.7666
28.4609
29.0031
29.2381
28.9844
28.2213
28.7596
28.7576
29.0404
28.7401
28.8134
29.2678
29.2324
29.0655
28.9356
28.7741
29.242
28.7325
29.05
29.163
29.1534
29.3756
29.3865
29.1457
29.4218
28.2076
29.1793
29.0361
29.1635
29.187
28.8142
28.8869
28.8084
29.1706
29.295
28.9603
29.3139
29.021
29.1112
28.9161
28.8006
29.4279
28.9269
29.4726
28.7892
29.0115
29.4395
29.0338
28.8801
29.0203
29.3565
29.2243
29.5588
29.0747
29.2093
29.2261
29.3434
28.6326
29.05
28.952
29.3818
29.3386
29.304
28.9599
28.7854
29.3423
29.3103
28.6744
28.792
29.0471
28.8292
29.0226
28.7186
28.5508
28.977
28.6765
28.6437
28.6547
28.6696
29.1504
29.148
28.9937
28.3384
29.0265
28.7823
28.991
28.7411
28.7761
29.3932
28.8873
28.6413
28.7968
28.9368
29.1247
28.8789
29.1694
28.4982
28.6626
29.2096
29.312
28.598
29.0416
28.7783
29.0121
28.8291
29.0869
28.7098
28.9783
28.8083
29.0155
28.6389
28.8424
28.825
28.9523
28.968
29.3037
28.9702
29.3036
29.0502
29.4916
29.0442
29.031
29.0031
28.8518
28.973
28.7903
28.7375
28.827
29.1386
29.0989
29.295
29.1923
29.0067
29.0214
29.4891
29.0402
28.7351
28.9752
28.945
28.9467
29.3125
29.3763
28.9244
29.0961
28.6027
29.2535
28.9481
29.0854
29.3624
28.7909
28.762
29.0381
29.1683
29.2609
29.0468
29.0337
29.3634
28.9551
29.2437
29.314
29.0055
28.9089
29.1775
29.046
28.7081
28.9765
29.2643
28.9425
28.8377
28.8445
28.9527
28.7882
29.4316
28.6567
29.1505
29.1292
29.0094
28.724
28.7598
29.284
28.8751
28.9426
28.9341
28.525
29.0301
29.2514
28.6982
28.9153
29.3302
29.2063
29.3394
28.8324
28.83
29.0388
28.7022
29.0099
29.0212
29.2506
28.7581
28.8096
29.1813
29.2067
28.9447
29.2321
29.3152
28.8186
29.0953
29.1586
28.8757
28.9871
28.6362
28.6761
28.9317
28.8434
29.0567
28.8434
29.7585
28.8427
28.7407
29.1271
28.5911
28.7378
29.1314
29.0003
28.5652
29.3053
29.2845
28.6581
28.7196
28.4984
28.8848
28.8167
29.1957
29.2251
29.2297
28.9121
28.6688
29.0568
28.484
29.3115
28.9823
29.5342
28.7699
29.0361
28.7475
28.8195
28.8943
28.8868
29.0817
28.631
28.9611
29.1393
28.543
28.9941
28.437
28.8465
28.659
28.8958
28.8672
29.2682
28.7921
29.3424
28.7796
29.1007
28.7162
28.4655
28.9175
28.6568
28.9854
28.9476
29.0593
28.4581
28.6011
28.8035
28.8744
29.0582
29.0939
28.9741
28.771
28.3182
29.2173
29.0562
28.6943
28.5048
28.9154
29.0448
28.6571
28.8809
28.7961
28.893
28.6381
29.2892
28.8043
28.9611
28.6949
29.212
28.9771
28.5127
28.742
28.3624
28.7137
29.0642
28.8854
28.7059
28.5412
28.8043
28.719
28.8993
29.2858
28.8381
28.7267
28.4855
28.4751
29.15
29.1611
29.0172
28.6659
29.1636
29.2647
28.6002
28.6869
28.8799
28.9921
28.5563
28.5151
29.2393
29.0306
28.9212
28.8491
29.1449
28.9306
28.7005
28.6588
29.0968
28.9393
28.3759
28.5577
29.1924
29.1041
28.4842
28.8064
28.5822
28.7076
28.7252
29.0432
28.8699
29.0965
29.1359
28.5711
28.9626
28.7175
28.5799
28.6925
29.0238
28.6713
28.6321
29.051
28.6396
29.1199
28.8907
29.2569
28.8302
28.6186
28.9833
28.8877
28.6436
28.4067
28.8529
29.1357
28.8542
28.7517
28.9512
29.3396
29.0813
28.801
29.2183
29.1787
28.5556
28.7423
28.8742
28.9963
28.8691
28.6796
28.8692
29.2779
28.5584
29.4599
28.5847
28.9815
28.7852
28.5816
29.0272
28.9509
28.8694
29.2022
28.7922
28.8215
28.5441
29.0051
28.8942
28.9032
28.6364
29.0871
29.1488
28.6315
28.8256
29.0542
29.0963
29.2425
29.0037
28.3679
29.1628
29.2112
28.5165
28.9165
29.0856
28.7389
28.8793
28.4889
28.5931
28.8372
28.9171
28.9305
29.0391
28.7517
28.8023
28.7971
29.0876
28.8874
28.7754
29.3516
29.0503
28.8508
28.9575
28.7828
28.8073
28.7552
29.234
28.8175
28.7807
28.6445
28.862
29.1741
28.3717
28.9052
28.9523
29.052
28.9783
28.7712
28.6324
29.0294
29.2647
28.9461
29.319
28.6582
29.1675
28.6742
29.0851
28.702
28.8622
28.4651
28.7842
28.6053
28.7999
28.284
28.4762
29.1301
28.8319
29.12
28.7608
28.543
29.1198
28.8629
28.7876
28.8893
28.9674
28.8197
28.967
28.3763
28.7274
29.1653
28.7316
29.1992
29.1626
28.9352
28.9837
29.1316
28.3958
28.9881
28.833
28.8362
28.9126
28.6731
28.4456
28.5771
28.9669
28.6819
28.6071
29.0113
28.6003
28.2693
28.4127
28.6621
28.9669
28.5586
29.0951
28.9191
28.6305
28.7709
28.8774
28.5433
28.8425
28.593
28.8319
28.3962
28.7995
29.092
29.1267
29.0464
28.7228
29.062
29.098
28.7336
28.6919
28.4847
28.9778
28.4647
28.5582
28.5666
28.7824
28.9991
28.8229
28.7701
28.9584
29.0036
28.8755
28.8841
28.9168
28.8841
29.3482
29.0835
28.6437
28.7537
28.5846
29.0569
28.7193
28.9481
28.8057
29.3721
28.8734
28.9882
28.5639
28.5378
28.981
28.8144
28.6728
29.0758
28.9675
28.6506
28.804
28.5555
28.6669
29.0463
28.8877
28.8834
28.304
28.59
28.9635
28.6467
29.1196
28.5174
28.8498
28.2227
28.656
28.9388
28.7824
28.6965
28.6736
28.7455
28.6826
28.7786
28.765
28.4127
29.3721
28.8959
28.6261
28.6216
28.4838
29.0468
28.9554
28.7714
28.6693
28.9211
28.7025
28.6126
28.5142
28.4524
28.594
28.6888
28.767
28.7854
28.6284
28.4297
28.8414
28.4976
28.7318
28.5178
29.0058
28.921
28.6738
28.6916
28.9151
28.2761
28.8355
28.5093
28.6624
28.4212
28.9234
28.9498
28.7256
28.5519
28.5074
28.8164
28.6664
29.0101
28.9992
28.9989
28.9104
28.6486
28.7714
28.995
28.6567
28.7074
29.1545
29.1738
28.7036
28.811
28.8511
28.8113
28.3951
28.2791
29.2927
28.4922
28.8245
28.9059
28.8357
28.7052
28.8421
29.0068
28.1
29.3049
28.4033
29.0123
28.4472
28.5475
29.0409
28.6934
28.4975
28.9688
29.4447
28.8742
28.78
29.0168
28.6648
28.7753
28.937
28.9424
28.8318
29.0997
28.7597
28.597
28.9825
29.1834
29.2846
28.7916
28.7456
28.8608
28.5425
29.0632
28.3368
29.2055
29.0313
29.348
29.0344
29.0063
28.6659
29.0833
29.0514
28.5808
28.9095
29.2381
29.4023
28.9799
28.7588
29.1639
28.9261
28.5552
28.6868
28.9991
28.5902
28.6693
28.7223
28.577
28.7432
29.0371
28.6282
28.6128
28.9309
28.7351
29.0812
28.8957
28.664
28.5998
29.2689
28.5968
29.025
28.4373
28.986
28.7397
28.8677
28.595
28.7993
28.685
28.8747
28.8564
28.7905
28.7226
28.9883
28.681
28.8516
28.9059
28.8487
28.9783
28.8402
28.9317
28.9493
28.6339
29.0143
28.8654
29.0586
29.085
28.6627
28.6586
29.3124
28.8091
28.8834
28.3866
28.6016
29.055
28.9113
29.0415
29.2751
29.1199
29.0553
28.8715
28.9811
29.2005
28.9517
29.1223
29.0528
28.5127
28.4386
28.7802
28.9583
28.6991
28.9339
28.6792
28.8427
28.5918
28.6472
28.4909
28.551
28.9425
28.6404
28.4296
28.7434
28.7122
28.8824
28.5041
28.7987
28.7293
28.6991
29.0248
28.4411
28.4472
28.854
28.9316
28.51
28.7972
28.3449
28.7703
28.8181
28.7434
28.8371
28.761
28.9711
28.5539
28.7743
28.9993
28.393
29.4976
28.8138
29.0406
29.0278
28.8034
28.9072
29.0707
28.7493
28.6849
29.0259
28.8545
28.8921
29.1048
28.8689
28.7348
29.023
28.9085
28.655
28.8777
28.6313
28.5857
28.7055
28.6946
28.8045
28.8763
29.1685
28.7933
28.8672
28.4081
28.9674
28.79
28.27
28.3432
28.5522
28.2103
28.6938
28.843
28.7044
29.1119
28.9367
28.8643
29.2699
29.0876
28.4757
29.1634
28.533
28.8598
28.5685
29.0628
28.9697
28.7885
29.1427
28.2883
29.1344
28.8792
28.6739
28.5454
29.0055
28.8284
28.598
28.2291
28.5774
28.8782
28.6476
28.7086
28.7321
28.8486
28.8553
28.5787
28.673
28.8651
28.8125
28.9069
28.9142
28.7794
29.2488
28.8206
29.0569
29.1682
29.1868
29.2687
29.1758
28.8481
29.4192
28.9604
29.1961
29.0139
29.1459
29.205
28.9091
28.8864
28.9913
29.6889
29.2508
29.0832
29.0262
29.1771
28.8866
28.792
28.9428
28.9269
28.8353
28.8895
28.8167
28.8595
28.3939
28.6956
28.9245
28.5552
28.8553
28.9309
29.016
28.7078
28.6722
29.0051
28.8877
29.0792
28.6724
28.9496
28.8973
28.3338
28.6504
28.7456
28.9227
28.6173
29.3665
28.6949
28.8784
28.6189
28.6176
29.2415
28.9139
28.8325
28.9353
29.2473
28.6593
28.7994
29.0534
29.0033
29.0046
28.7263
29.1885
28.981
28.7815
28.95
28.8376
28.5243
29.456
28.6662
28.8654
28.6042
28.5749
29.0654
28.9042
28.4221
28.444
29.0824
28.9411
28.8696
28.5948
29.0416
29.0293
28.4573
28.5383
28.585
28.6012
28.7851
28.647
28.5764
28.4963
29.0094
28.4721
28.468
29.0089
28.2643
28.9273
28.6972
29.0169
29.0935
28.746
28.6166
29.1001
28.1308
28.8608
29.2176
28.3299
28.9536
28.0055
29.259
28.825
28.8366
28.7331
28.5062
28.8674
28.7597
29.0575
28.6352
29.2204
28.996
28.7454
28.802
28.8929
28.9182
28.8667
29.118
28.9518
28.4581
29.1328
28.6127
28.7558
29.0162
28.9376
28.7689
28.7318
28.881
28.7911
29.1793
28.7865
28.9391
28.5091
28.6843
28.7923
29.114
28.9418
28.5015
28.9831
28.9798
28.7576
28.8234
28.4919
29.4015
28.788
28.243
28.8132
28.6401
28.8818
28.8085
29.0277
29.0804
28.7736
28.7143
28.8097
29.0114
28.4495
28.9968
28.5551
28.8541
28.8404
28.757
28.5707
28.9139
29.0308
28.8113
29.0413
28.4743
28.7919
28.7578
28.7923
28.912
29.1061
29.6382
29.0325
29.2775
29.5219
28.9524
28.7594
29.2554
29.0483
29.2299
29.357
28.9835
29.4113
29.0805
28.8217
29.0449
28.8175
28.995
28.6158
28.6956
28.5904
28.5462
28.5665
29.0178
29.1187
29.1247
28.4258
28.8444
28.7137
29.0959
28.732
28.8559
28.8216
29.348
28.9377
28.5009
28.8329
28.9516
28.862
28.7423
29.0736
29.1196
28.9619
28.5942
29.0866
28.5418
28.569
28.921
28.4975
29.0859
28.4238
28.7195
28.7899
28.8323
28.9132
28.7182
28.6073
28.757
29.0613
28.9347
28.7054
29.0378
28.4849
28.6199
28.6277
28.5029
29.0248
28.876
28.8511
29.0845
28.8005
28.4373
29.2234
28.909
29.345
28.8383
29.0308
29.235
29.3767
28.8509
29.3228
28.6263
29.0172
28.8175
29.1109
28.2199
28.7105
28.9484
28.551
28.1879
28.719
29.004
28.9093
29.0077
28.7831
28.7662
29.2362
28.9257
28.8988
29.1242
28.7763
29.2464
28.7775
29.18
28.9984
28.9735
29.2204
29.0488
28.9417
29.1397
28.9168
29.2104
29.1211
28.9138
29.4208
28.7215
28.6369
29.2245
29.38
28.8534
29.6166
28.7404
29.0128
28.7509
28.9184
29.1489
28.9069
29.2951
28.8002
28.9291
29.0003
28.6399
29.2386
28.533
29.6255
28.802
