2.99486
2.83282
2.58625
2.85253
2.82416
2.91382
2.62805
2.64841
2.79481
3.01216
2.5108
2.74331
3.15991
2.6092
2.92631
2.87759
2.67994
2.84032
3.34175
2.22322
2.52816
2.33036
2.51407
2.3422
2.74933
2.96935
2.87093
2.72958
2.7573
2.64392
2.77788
2.95421
2.62982
2.75466
3.11815
3.16229
2.65085
3.09179
2.71861
2.77178
2.85143
2.94933
2.39743
2.6794
2.79582
2.71469
2.74779
3.06885
2.89174
3.28775
2.94255
3.1753
2.85336
3.05752
2.61193
2.85609
2.61366
2.36666
2.56917
2.84039
3.24159
2.81692
2.94736
2.58675
2.9848
2.83001
2.44604
2.82629
2.78532
2.86569
2.88117
2.97133
3.18264
2.8793
2.31828
2.96208
3.07606
2.6019
2.81399
2.77598
3.13598
3.01797
3.01818
2.83646
2.78661
2.84225
2.59659
2.9641
2.7599
2.6834
2.82276
2.76004
2.58168
2.9381
2.86558
3.04785
2.48885
2.41532
2.68782
3.08835
2.64738
3.34583
2.56992
2.80099
2.74045
2.68981
2.498
2.83685
2.81079
2.67571
2.8192
2.90104
3.18741
3.14813
3.35057
2.54411
2.38551
2.77031
2.98957
2.55299
2.95045
3.02844
3.21401
2.76218
3.12531
2.71066
2.93122
3.13496
2.92195
2.66367
3.14738
2.84666
2.8224
2.91267
3.06245
2.75987
2.82362
3.03716
2.54674
2.78081
2.77946
2.73803
2.32954
2.79928
2.96991
2.66761
3.02695
3.14105
3.03696
2.99969
3.24068
3.08053
2.96697
2.56608
2.91982
2.26349
2.92377
2.84554
3.19099
3.28548
2.84743
2.68928
3.06438
2.69401
2.99187
2.53137
2.59664
3.04069
2.97041
2.73473
2.78931
3.02492
2.88532
2.80411
3.13097
2.78944
3.01439
2.94037
3.12872
2.60548
2.81408
3.05502
3.21046
2.94663
2.80133
3.21718
3.27164
2.59954
3.02888
3.1338
2.69511
2.60581
2.85143
2.53362
2.55822
2.80077
2.95244
2.52
2.53264
2.7784
3.00832
2.97022
3.07566
3.02728
3.17784
2.98234
2.91157
2.75191
2.89994
2.77962
3.22225
3.23215
3.13354
3.0802
2.7589
2.87495
2.84391
2.75442
3.06591
2.9529
2.90047
3.4727
3.30449
2.96866
3.15547
2.87688
2.85427
2.94332
2.69867
3.08141
2.79904
2.70933
3.22439
2.71088
2.68343
2.81606
3.21174
2.58664
2.86114
2.7776
3.31072
3.63357
2.90282
3.11193
3.14248
3.03458
2.50672
3.23836
2.95295
2.73848
3.008
2.74926
2.70241
2.50227
3.35107
2.84871
2.92341
2.94375
2.90301
3.23916
3.10309
2.70142
2.94785
3.11694
2.60599
3.45344
2.32599
2.81824
3.0412
2.91623
2.85268
2.57906
3.06681
2.9911
3.37995
2.77729
2.91478
2.95425
2.41155
3.03287
2.93495
2.93072
2.90277
2.9557
2.9693
3.07087
2.86027
2.86623
2.55658
2.88725
3.11234
2.59311
2.81182
3.24248
2.79783
2.59562
2.86786
2.69687
2.86528
2.55186
2.77554
2.85075
2.63466
2.58133
2.88855
2.62164
2.66945
2.69725
2.79424
2.21019
2.40338
2.42313
2.63303
2.5226
2.78334
2.44327
2.93002
3.38839
2.55734
2.73688
3.16091
2.57158
2.57442
2.62945
2.71934
2.91032
2.69471
2.56647
2.75832
2.79971
2.74864
2.72949
2.72358
2.78612
2.59498
2.46844
2.93043
3.11309
2.72666
2.77545
2.95771
2.83256
2.5313
2.9289
2.87748
2.89281
2.52784
2.49357
2.59317
2.41391
2.86791
2.60032
2.76937
2.29401
2.65465
2.96117
2.97346
2.54352
2.44928
2.32443
2.75794
2.90246
2.48498
2.42499
2.32302
2.76623
2.84736
2.66907
2.72237
2.84689
2.5836
2.87721
2.69834
2.46401
2.36905
2.19597
2.37605
2.55854
2.84559
2.70163
2.71382
2.66774
2.46054
2.23773
2.53232
2.80898
2.75664
2.89695
2.74218
2.65544
2.96707
2.97609
2.81619
2.88931
3.0288
2.8986
2.96439
3.14666
2.61842
3.10455
2.67956
3.09045
3.10238
2.43794
3.16598
3.08226
2.7504
2.86146
2.62421
2.87745
3.03366
2.9562
2.88985
3.13767
2.9089
2.89177
3.08111
2.59051
2.70426
2.55205
3.1837
2.98749
2.8787
2.81563
2.90318
3.01055
2.8406
3.18816
3.07748
2.69382
2.96681
2.99017
2.78142
2.6625
2.6433
2.57642
2.85227
2.5954
2.79903
2.82988
2.71325
3.07058
2.96368
2.72577
2.69684
3.10122
3.19328
2.95794
2.97885
2.89886
2.92334
2.77443
2.73608
2.83334
3.036
2.76012
2.50049
2.69083
2.59722
2.81684
2.71099
2.65034
2.55561
3.09835
2.93099
2.73519
2.61165
3.35429
2.75797
2.77858
2.82003
2.69271
2.59699
2.81171
3.04882
3.19377
2.7732
2.42839
2.81588
2.85739
2.7319
3.06614
2.91333
2.95834
2.6464
3.08105
3.01442
2.69044
2.91951
2.75126
2.99303
2.74533
2.76316
2.88393
2.67202
3.08215
2.75082
2.66352
2.63582
2.62948
2.56058
2.69609
2.56912
3.37261
3.45032
2.67104
3.12312
2.96718
2.69381
3.15475
2.63642
2.85072
3.06409
2.7077
2.7555
2.94651
2.7924
3.07807
2.53201
2.93117
2.53001
3.07299
2.79338
2.96759
2.63178
2.86846
2.90036
2.77791
3.08455
3.08467
2.34885
2.77667
2.79538
2.71881
2.84161
2.53244
2.69389
2.50107
2.63042
3.13318
2.61778
3.05002
2.89385
2.86672
2.61514
2.891
2.71756
2.8539
3.17021
2.60605
2.87751
2.52204
2.68246
2.50024
2.09792
2.77311
2.69829
2.35482
3.11565
2.95732
3.24693
2.91015
2.52537
2.87707
2.89764
2.67665
2.64655
3.03874
3.20156
2.3524
2.47487
2.75641
2.48089
2.78263
2.59582
2.44136
2.71593
2.64611
2.54895
3.00293
3.10886
2.95679
2.97685
3.04619
3.24264
2.97775
2.89117
2.96833
3.3039
3.0088
2.82164
2.9321
3.1468
3.0215
2.89812
2.99201
3.07687
2.80464
3.10207
2.96353
2.96629
3.05223
2.94416
2.5253
2.92948
2.81393
3.04499
3.15399
2.79662
3.22115
3.23638
3.10066
2.84412
2.81054
3.05757
2.89837
3.17474
2.64977
3.14606
2.69436
2.92327
2.92754
2.88878
2.98341
3.07443
3.25101
3.04049
2.94319
2.55952
2.64811
2.99496
2.76246
2.81368
3.33526
2.98366
3.35221
2.18687
3.40283
2.78429
2.73589
2.78744
2.82322
2.86964
2.81187
3.29816
2.89599
2.86613
3.01002
2.92801
3.28017
3.03823
3.23332
2.9413
2.71716
2.88868
3.30217
2.96339
3.16721
3.20794
2.55811
2.89566
2.80816
2.64152
2.78219
2.96744
2.90878
3.19619
2.67598
3.12445
3.1842
2.96582
2.75475
2.49526
2.75094
2.90963
2.77286
2.76525
2.63308
2.9875
2.73859
2.70239
3.15052
2.47103
3.10561
2.59303
2.78807
2.79653
2.58299
2.46812
3.08742
2.72529
3.19524
2.71043
2.92935
2.93969
3.04237
2.64196
3.12647
2.8956
2.95486
3.33874
2.79747
2.54724
2.61461
3.09111
2.84477
2.97719
2.945
2.48456
2.42502
3.18435
2.84083
2.83792
2.77354
2.94474
2.93247
2.71645
2.91997
3.08416
2.6842
2.52713
2.53171
2.56847
2.75914
3.06525
2.99645
3.05789
2.89181
2.96882
2.86928
2.85858
2.56655
2.66671
2.60429
3.06823
2.49879
2.8392
2.60181
2.69272
2.67998
2.71325
3.15731
3.03732
2.71002
3.36041
3.24363
3.02055
2.79147
2.80371
2.44333
3.14255
2.87111
2.61651
2.94663
2.88525
2.85244
2.59444
2.42097
3.15035
2.74323
2.72496
2.40173
2.89693
2.786
2.89176
3.13227
1.96474
2.3808
2.99534
2.42437
2.80379
3.20542
3.40519
2.5016
2.97164
2.82477
2.42969
2.8519
2.81441
2.93674
2.88734
2.72188
2.89765
2.79917
2.60944
2.74365
3.0737
2.59799
3.15553
2.61563
2.93857
2.86781
2.76935
3.06329
3.02142
3.20651
2.86131
2.59146
2.77692
2.58848
2.83532
3.11304
2.72843
3.13444
3.04908
3.20055
2.69758
2.76203
3.07788
2.97715
2.97137
2.90222
2.54947
2.40311
2.77624
2.90028
3.09781
2.76994
3.15703
2.94967
2.82973
2.90744
2.78172
2.90378
2.70576
2.73698
2.83573
3.03919
3.08613
2.82604
2.86707
2.77545
3.22236
2.92758
2.93854
2.91115
3.39077
3.21394
2.62859
2.73375
2.85177
2.79117
2.81716
3.20671
3.07599
2.73388
3.29284
2.77778
2.62756
2.61165
2.89763
2.75222
2.68246
2.63031
2.76037
2.43405
3.06365
3.07954
2.81917
3.05373
3.0639
2.88505
3.27469
2.57758
2.98485
2.9188
2.89188
2.94927
2.83757
2.62619
3.03277
2.86329
3.3132
2.95855
3.28837
2.91263
3.32321
2.7309
2.76036
3.19337
3.04241
2.83491
2.66912
3.11815
2.88754
2.97923
3.01416
2.52246
2.69004
2.8277
2.43804
2.76271
3.01932
3.18535
3.54205
3.11554
2.94269
3.18169
3.27512
3.29676
2.91994
3.04856
2.89896
2.56688
2.72545
3.11204
3.36767
3.18878
2.97503
2.63899
3.19532
2.70598
2.1653
2.98693
2.86063
3.07711
3.01361
2.90822
2.95303
3.22578
2.714
2.71979
2.68239
2.84568
3.25239
3.04325
2.74826
2.88153
3.20434
2.91605
2.69349
2.961
2.90486
3.12613
3.01515
3.19742
3.27139
2.6176
2.49392
2.56277
2.63815
3.19364
2.92732
3.16531
2.85598
3.11341
2.99314
2.99472
3.38675
3.09775
3.36565
3.17837
2.69926
2.99958
3.11026
3.07106
3.1507
2.95365
3.30957
3.43438
2.78785
3.33079
3.28949
3.34096
3.28987
3.23408
2.91629
3.18105
3.36179
3.05267
3.14677
3.08075
3.36585
2.65036
3.29655
2.75937
2.70666
2.99934
3.19333
2.89439
3.19671
3.17381
2.93545
3.37955
3.16601
2.92735
3.21196
3.41464
3.02326
3.21771
2.64035
3.10406
2.86997
2.57707
3.23157
3.25791
3.1647
2.97157
2.94831
3.27163
3.15371
2.73274
3.12059
3.08874
3.22576
2.81786
3.12563
2.8407
3.27701
2.60407
2.72075
3.06256
2.98257
3.11224
2.98948
3.0048
3.36164
2.98241
3.01862
3.03178
3.23889
2.8047
3.26872
3.53141
3.03761
3.00577
3.13232
2.58233
3.00726
2.65236
3.18512
3.07971
3.05507
2.46232
2.93377
3.25601
2.4825
2.80389
3.0522
2.80635
2.97492
3.09059
2.88101
2.45222
2.7568
2.76127
2.92234
2.65855
2.58716
2.95031
3.00783
2.80281
2.60317
3.03903
2.77381
3.23275
2.7968
3.21713
2.72666
3.22877
3.1333
2.76463
3.04541
2.9304
2.79264
2.68908
2.62287
2.88806
3.11963
2.91753
2.78494
2.66098
2.93202
2.97324
2.93227
2.65497
3.02749
3.01216
3.00676
2.62417
2.51674
2.74572
3.01296
3.27024
2.93445
3.05695
3.04084
3.0281
2.76088
2.93629
2.75351
2.75519
3.01382
3.06585
3.18727
2.90041
3.13801
2.89212
2.77972
3.273
3.0952
3.08617
2.99289
3.25739
3.07702
2.86589
2.88339
3.1243
2.86186
2.74568
3.20115
2.78605
2.82447
3.11202
2.86629
2.59916
2.8216
3.31715
3.03185
2.46592
2.52368
2.75642
2.74908
3.00959
2.99871
3.25339
3.42823
2.69584
2.89205
2.72194
2.9123
2.45893
2.9245
2.90758
3.18158
3.04709
3.26407
2.941
2.92972
3.15152
2.79238
2.64243
2.93191
2.78196
2.99466
2.95765
2.73668
3.06365
2.9985
2.83224
2.55434
3.26392
2.66557
2.83039
2.79113
3.09698
3.06256
2.98388
3.00977
3.36967
3.17078
2.92626
3.36067
3.02112
3.45239
2.87972
3.09923
2.83477
2.79994
2.94708
3.25124
2.81167
3.21268
2.93918
3.15066
3.15974
3.06834
3.155
3.0606
2.64762
3.03177
2.83839
3.04356
2.85526
3.11829
3.17581
2.95056
2.89056
2.96723
2.68023
3.32947
3.23552
2.74992
2.9778
2.76166
2.78957
2.63503
2.99062
3.24931
2.86371
3.20137
2.98986
2.53838
2.97841
2.92191
2.84694
2.8199
2.73722
2.78751
3.1686
2.80331
3.18422
3.54187
2.46213
3.04685
3.07853
2.87913
2.96823
2.64412
2.97592
2.97553
2.7184
3.0749
3.04282
3.1704
3.14859
3.18098
2.55799
3.10343
3.0213
2.55906
2.96877
2.46751
2.75149
2.93207
3.12174
2.61643
3.14995
2.68933
3.001
2.64829
3.31597
2.75891
2.78125
2.56016
2.83251
2.68856
3.05956
2.92012
2.97714
3.17655
2.90316
3.0786
2.78741
2.52903
2.86885
3.25597
2.30602
3.00073
2.92775
2.45007
2.90216
2.97885
3.05089
3.15553
2.76668
2.74035
2.81813
2.99259
2.45674
2.64065
3.03708
2.7836
3.04408
3.2231
2.84926
2.89227
2.7109
2.48584
2.79079
2.79533
2.92245
2.68399
2.88787
3.36413
2.98383
2.78347
2.59597
2.72967
2.72217
2.53872
2.65293
2.84145
3.00479
3.02312
2.98124
3.19025
3.02396
2.93259
3.22076
2.56999
2.92194
3.1634
3.21821
3.11418
3.15707
3.1262
2.80521
2.96467
2.92295
2.84264
3.04294
2.97363
2.84184
2.92169
2.89532
2.77658
2.58119
3.37228
2.5377
3.28995
2.68673
2.94414
2.80171
3.01777
3.11055
3.39851
3.17302
2.91502
3.09172
3.16707
3.08484
3.26874
2.92275
3.1248
2.99803
3.03099
2.9382
2.68196
2.99428
2.99545
3.46554
2.93878
3.48003
2.82225
2.86269
3.01521
2.88343
2.92965
2.98566
3.05987
2.89321
3.11426
3.36026
3.11968
3.23885
2.58453
3.44491
3.11647
3.43995
3.46297
3.57525
3.12317
2.99191
2.72658
2.97891
3.25038
2.94068
3.07116
2.9453
3.0598
3.33642
3.11481
2.77507
2.8507
3.34673
3.09996
3.02752
2.64909
2.87019
3.01354
2.81522
2.89099
3.09023
3.05994
2.25901
3.2099
2.60337
3.08677
2.98824
2.6374
3.28304
3.00861
3.28548
3.047
3.11145
2.44552
3.03893
2.79087
3.22706
2.87085
2.70519
3.07824
2.71624
2.86319
2.93833
2.95796
3.09424
2.58559
2.7971
3.37851
3.05559
2.87092
2.32585
3.01439
2.68285
2.65021
2.95301
2.96287
3.24421
2.68178
2.58764
2.45252
3.01984
3.18609
2.87621
2.4896
2.89554
2.89782
2.70188
2.79603
2.87238
2.7388
3.09161
2.59119
2.72347
2.95793
2.9449
2.73345
2.39805
3.25721
2.84005
2.47047
3.04002
3.22753
3.04067
3.17979
2.93079
2.75609
3.10215
2.6727
2.52487
3.2034
2.68201
2.71525
2.92965
2.46451
2.42113
2.63981
2.85983
3.02304
3.09935
2.97365
3.01655
2.51576
2.76132
3.18098
2.90046
2.96844
3.00179
3.13093
2.72861
3.1218
2.79875
3.4204
3.21221
2.92301
2.89921
3.36086
2.98847
3.05175
3.05217
2.99108
3.21999
3.3697
2.76507
3.38956
3.27353
3.27866
3.2397
3.24318
2.79064
2.8503
3.21042
3.3572
3.12117
2.89941
2.807
2.91212
2.81721
3.23767
3.04157
3.02616
3.1292
2.63649
2.73926
2.98029
3.21172
3.11374
3.48865
3.15744
3.3208
3.29959
2.97153
3.02786
2.88805
2.76458
3.07729
2.98713
3.26046
2.72818
3.19006
2.8721
3.0517
3.0498
3.20443
3.30397
3.48987
2.98239
2.85182
3.01533
3.3874
2.7224
2.83913
2.66017
3.06158
3.22257
3.46315
3.18284
2.93928
2.60205
3.08143
2.92282
3.15084
3.14337
3.01236
3.21612
3.31183
3.25652
3.15965
2.85174
2.96694
2.95236
3.17096
3.40166
2.92142
3.43006
3.1052
3.38543
2.99299
2.75025
3.32583
3.16788
3.03287
3.27612
3.02205
3.40682
3.11615
2.74372
3.22496
3.22132
3.17359
3.19393
3.1487
2.87015
3.24009
3.42458
2.9329
2.84452
2.81352
3.02662
3.18525
2.8502
3.12724
3.12336
3.02651
2.97597
2.87958
2.98303
3.39849
3.02053
3.27626
3.20711
3.22276
3.42505
2.93238
2.83823
2.61471
2.9363
3.1269
3.14621
3.375
2.78524
3.13402
2.75572
3.16836
3.34423
2.77496
3.69455
3.34541
3.24943
3.00144
3.3204
3.22607
3.07591
2.89157
2.63366
3.16625
2.88315
2.79028
2.77481
3.15068
2.52611
3.20012
3.27895
3.21235
3.14767
3.07202
2.93926
2.87685
2.95181
3.15861
2.73668
3.02471
2.7299
3.03298
2.67558
3.01068
2.73446
2.81708
2.64152
3.05831
2.66817
2.98712
2.70912
2.60382
2.83555
2.68124
2.88796
2.82408
3.22998
2.82759
2.97102
2.87487
2.86798
2.67364
2.87521
2.6352
2.57359
2.7677
2.77679
2.55383
2.68119
3.40714
2.8793
2.63217
2.49979
2.7663
2.39086
2.89981
2.81376
3.30481
3.12026
3.27656
2.65748
2.92906
2.55499
2.42512
2.79365
2.46445
2.70524
2.22257
2.97917
2.62811
2.86078
2.69366
2.71292
2.88001
3.17616
2.89952
3.01664
2.99343
2.89052
2.47693
3.01519
2.73589
2.92021
2.29878
3.21907
3.11111
2.73639
3.01439
2.67289
2.8075
2.54738
2.5584
2.79414
2.85345
2.67226
2.72412
3.04316
2.94778
2.7999
2.60585
3.32524
3.06391
2.80472
3.44799
2.57275
3.17937
3.04952
2.86918
2.5518
3.17951
2.81761
3.12367
2.75924
3.23429
3.24378
3.23977
3.07351
2.66023
2.95392
3.16523
3.02106
2.87681
2.9433
3.28426
2.75024
3.1286
3.0399
2.80887
2.92131
3.34195
2.91186
3.36275
2.51908
2.75787
3.02022
3.04492
3.25691
3.26358
3.25782
3.20925
2.32191
3.03362
3.23369
2.95125
2.6773
2.87018
3.25464
2.80524
3.06859
2.31564
2.57392
3.31752
3.00942
3.10174
3.0146
3.27156
2.83625
3.21213
2.59983
2.43997
3.30404
3.06056
2.81543
2.91047
2.83804
3.29627
2.59333
2.8053
2.89022
2.73714
2.94291
2.72074
2.83314
3.0243
2.95889
2.98012
2.73181
2.88581
2.96445
2.51975
2.88707
2.93698
3.30345
2.71154
2.37881
3.02476
2.90745
2.75534
2.49994
2.82478
2.77857
3.28926
2.69186
3.23036
2.90307
2.7263
2.46568
3.45801
2.32273
2.46329
2.75806
2.98995
2.88197
2.96885
3.02156
3.27847
3.01867
3.04626
2.73413
2.90304
2.43751
2.60661
2.79287
2.4639
2.5362
3.03369
2.96358
3.05288
2.42082
2.8332
3.03046
3.20331
2.82518
2.86902
3.07277
2.8694
3.02885
2.53963
2.74441
2.97066
2.91493
2.86238
3.15363
2.78288
2.68171
3.0743
3.27344
3.08362
2.73905
2.73752
2.56202
3.06453
2.87744
2.67924
2.80318
2.63223
2.79783
2.99644
2.42739
3.21109
2.76575
2.78939
2.57283
2.74421
2.76334
2.75068
2.25798
2.82516
3.05644
2.75438
3.11968
3.00124
3.04047
3.07771
2.94228
2.57712
2.96053
2.82144
3.18991
2.95453
2.96004
3.19436
2.80483
2.74947
2.76835
2.81445
3.03658
2.59961
2.59563
3.12508
2.88988
3.11205
2.61139
3.14357
2.85251
2.63409
2.51941
2.92024
3.02856
2.56351
2.66097
2.62157
2.93323
2.65324
2.93718
2.62378
2.49438
2.93904
2.96785
2.91639
2.83908
3.33041
3.208
2.78646
2.85556
2.86671
3.05051
2.58807
2.52661
3.05178
3.20071
2.62079
2.94268
2.78478
3.0652
3.21381
2.79118
2.94638
2.82561
2.27266
2.85611
3.0542
2.83221
2.80148
3.00133
3.04683
2.12618
2.92283
2.70657
2.87724
2.91844
2.87732
2.82427
2.7245
2.47295
2.82578
2.72997
2.95677
2.78575
2.90396
2.90499
2.51609
3.05812
3.03597
2.71976
3.05956
2.82555
3.00375
2.52249
2.9163
2.24215
2.40674
2.94374
2.89623
3.03822
2.32084
2.32305
2.77423
2.63152
2.78466
3.11352
2.70567
2.77542
2.89139
2.85903
2.94203
2.73658
2.645
2.67456
2.95635
3.12296
3.04606
3.1997
3.01203
2.42348
3.22848
2.88804
2.89998
3.05678
2.92752
2.84356
2.80045
2.56735
2.88784
2.7708
2.68256
2.94703
2.77722
2.84315
3.08638
2.5928
2.71223
2.76892
2.59729
3.08526
3.00739
2.59012
2.58998
3.02051
3.39057
2.63483
2.75761
2.70757
2.49851
2.98996
2.98917
2.97578
2.31568
2.76024
2.77475
3.06899
2.98338
2.61606
2.92412
3.05166
3.19886
2.74448
3.13037
2.46117
3.17718
2.72013
3.47655
2.92257
2.70464
3.23054
2.76363
3.06649
2.83589
2.87017
2.75578
2.84042
2.55821
2.62159
3.08094
2.57179
2.94355
2.81485
2.62412
2.63447
2.70854
2.87444
3.00703
2.73171
2.78194
2.83598
2.6575
2.72311
3.31675
2.63335
3.00197
2.54952
2.84691
2.57335
2.49357
2.76173
3.01113
2.97145
2.78299
2.86639
2.75709
2.47867
2.43484
2.99642
3.12433
2.7027
3.13562
2.55547
3.11098
2.72691
2.70457
2.82201
2.46122
2.27461
2.97122
2.57558
2.99758
2.79263
2.50066
2.65697
2.52599
3.0214
2.66444
2.86425
2.75198
3.0153
2.87811
2.46173
3.24797
3.39048
2.63037
3.18327
2.86575
2.92763
2.76813
2.58704
2.83449
2.99603
3.04182
2.74921
2.74848
3.13844
2.56381
2.44738
3.32663
2.88653
2.52472
2.37351
2.75401
2.93779
2.93015
2.86746
2.97642
3.2433
2.99621
2.94878
3.2268
2.79753
3.13904
2.90615
2.63323
2.89305
3.22053
3.04194
2.89409
3.18749
3.08458
3.53986
2.90964
2.93836
3.23915
3.01714
2.88501
3.01187
2.94088
3.00088
2.87614
2.90469
2.88698
3.16401
2.9805
3.2608
3.26049
2.93422
3.06475
3.09735
3.15548
2.9617
2.74291
2.75882
2.94019
2.80602
2.89653
3.08397
2.76028
2.54489
2.97559
2.73954
3.28139
2.35446
2.67843
3.03561
3.04544
3.53066
2.7987
3.0086
3.15897
2.98297
2.6715
3.08953
2.51242
3.04097
2.7718
3.14149
3.02267
3.42576
2.8375
3.03189
3.14145
2.9942
2.71671
2.80326
3.22994
2.88115
3.1501
2.76048
3.12756
3.23536
3.02975
2.88425
3.24889
3.14748
3.02837
2.44159
2.98706
2.89009
3.42442
3.29022
2.52658
3.1486
2.83223
3.33224
3.03986
2.78183
2.87228
2.85103
2.80364
3.06868
3.31582
3.18086
2.96228
3.28905
3.26458
3.19889
3.15199
3.32544
2.77577
2.5007
2.93638
3.15067
3.14435
3.00067
2.80225
2.73101
3.35819
2.86364
2.94412
3.20889
2.56407
2.70688
2.78481
2.97018
3.53093
2.68329
3.07075
2.96906
3.14904
3.05302
3.08698
2.91563
3.25945
2.85378
3.47111
2.9621
3.01632
2.91215
3.20861
3.02954
2.70362
2.89293
2.72101
2.66172
2.75133
2.96582
2.89151
3.07702
2.92101
2.87251
2.78623
2.91465
2.41199
2.93602
2.98321
2.86612
2.76056
2.6067
2.5653
2.45834
2.89133
3.29746
3.17149
2.93415
2.80089
2.53893
2.61989
3.19665
2.64139
2.73631
3.02884
2.74902
2.54592
3.02709
2.71962
2.88074
2.82532
3.03613
2.94076
2.8615
3.05174
3.10482
2.63237
2.45674
2.39952
2.96693
3.11254
2.90183
2.66307
3.16481
3.55985
2.75824
2.9297
2.97906
2.5161
2.77695
2.465
3.19237
2.92458
3.01934
3.15615
3.26841
3.28738
3.07656
3.45381
3.57565
3.21975
3.34329
3.45592
3.01561
3.12633
3.17669
3.16352
3.46259
2.8285
3.09392
2.89397
3.45264
3.1486
3.09823
3.0157
2.85978
3.15824
3.11479
2.63988
3.16906
3.18424
2.81912
3.06212
3.13504
3.22804
2.87086
2.80307
2.83198
3.43002
3.14764
3.25314
2.96564
2.99485
3.27086
3.29831
3.24427
3.06983
3.18955
2.67318
3.01577
3.40107
3.08983
2.67192
2.841
3.32338
3.28378
3.60186
3.05221
3.51981
3.16589
3.1195
2.98491
3.26203
3.09116
2.95928
3.31516
3.47296
3.34353
3.00372
3.21796
3.15967
3.39653
3.24805
2.86724
3.06961
2.64036
2.86405
3.1504
2.95432
2.76623
2.78226
2.91769
2.9701
3.03618
2.71319
3.06533
2.77542
2.9404
2.77746
2.66581
3.12263
3.02773
2.76124
2.62036
3.07011
2.95957
2.6722
2.88963
2.99427
3.29995
3.19982
3.15034
2.79147
3.14764
2.76398
3.04053
2.67478
3.13788
2.93224
3.06982
2.97321
3.28182
2.898
3.04359
2.97566
2.77392
2.56889
2.61172
3.14272
2.45187
2.87117
2.80064
2.75011
3.08658
3.083
2.88563
2.89213
3.2537
2.83197
3.48691
2.85606
2.93354
3.23946
3.05356
2.92865
3.0532
3.00048
2.79689
2.71194
2.8035
2.91759
2.64779
2.76158
2.94649
2.78343
2.71727
2.91728
3.05816
3.17948
3.07405
2.86234
2.82893
2.63747
2.46733
2.97288
2.98849
3.18542
3.43553
3.14973
2.76586
3.14782
2.68422
2.72205
3.00877
2.94449
2.76175
3.07628
2.92068
3.33851
2.9457
2.91785
2.95117
2.67336
2.7937
2.8699
2.64239
2.64199
2.67687
3.0871
3.42896
3.31767
3.00347
2.93216
3.18356
3.11246
2.99984
2.92162
2.81907
2.66994
3.21342
2.71102
2.72237
2.91309
3.00846
2.74507
3.12169
2.93669
2.9858
2.86936
3.23601
3.31343
2.96498
2.78315
2.55268
2.83203
2.79664
2.80738
3.10837
3.10634
2.99206
2.78763
2.95536
3.08348
2.86835
2.88973
2.82184
2.61258
2.86828
3.43073
2.58501
3.12078
2.65759
3.11005
2.99151
2.79569
3.47118
3.03841
2.90146
2.89594
3.27305
3.01852
2.80675
2.83239
3.00635
3.08925
2.52234
3.00853
2.71947
2.68033
3.1366
3.26204
2.81945
3.0144
3.07845
2.59888
2.60132
2.91428
3.03456
3.50719
3.16261
3.45509
2.64619
3.1262
2.57634
2.55621
3.02863
2.9272
3.42725
2.92437
3.33813
2.83248
3.19343
3.03933
3.25411
3.2017
3.06226
3.56508
3.32028
3.47742
2.9226
3.17119
3.4447
2.98021
3.16567
2.87721
2.7834
3.03042
2.831
3.01429
2.93611
3.05853
3.31826
3.01506
3.16369
2.77753
2.91297
3.24531
2.97745
3.00722
2.76581
3.25324
2.76911
3.07835
2.8091
2.71975
2.69643
2.62552
3.49213
2.91331
2.94184
2.48899
3.14838
3.2916
3.09461
2.9974
3.22724
3.04767
2.88052
2.89915
3.13172
3.33657
2.64714
2.82702
2.83206
3.0788
3.33428
2.98427
3.24606
3.32885
2.91156
3.29888
3.10748
3.08843
2.72541
3.1515
3.02272
3.3056
2.94847
3.01966
2.55121
3.09967
2.86112
2.83614
3.01108
3.23188
3.03377
3.06396
2.94455
3.13433
3.05379
3.3022
2.98188
2.49737
3.03353
3.20942
2.59052
2.55307
3.23614
2.59486
2.90892
2.83258
3.18851
3.09596
2.90471
2.56975
2.82214
2.3472
2.86413
2.65767
2.72612
3.05794
2.97834
2.95774
2.54148
2.97891
3.04656
2.05974
2.75141
3.0601
2.77005
2.91329
2.40874
2.72395
3.00661
3.05232
2.83378
2.71293
3.19299
2.67169
2.54479
2.57911
3.01325
2.81439
3.36705
2.73586
3.12478
2.72874
2.77699
2.84268
2.70139
2.86132
3.15141
2.90076
2.93408
2.96904
2.58606
2.46139
3.06491
2.94336
2.95547
2.72405
2.94223
2.51838
3.02997
3.05975
2.84741
3.00893
2.76668
2.96043
2.63542
2.6316
2.92718
2.83556
2.88308
2.54838
2.61224
2.67466
2.39035
3.04263
2.83655
3.16435
2.74835
2.83979
3.12488
3.08912
2.68124
3.11568
3.2771
2.74188
2.6745
3.1866
2.84816
2.72751
3.14253
2.92142
2.86853
3.19463
2.95355
2.93425
2.92472
3.17512
3.15922
2.9259
2.91169
3.25804
2.99046
2.90529
2.90517
2.87763
3.21315
3.10353
2.85348
3.01753
3.37313
3.0232
2.94548
3.05243
3.016
2.93859
2.90254
3.08977
2.73273
3.08463
3.01615
3.03771
3.17866
2.98868
3.07195
3.19595
3.00633
3.34105
3.02673
2.97923
2.90522
2.98907
2.91507
2.60819
2.62686
3.11225
2.90537
2.63965
2.59239
2.95149
3.05042
3.22745
2.94267
2.72069
2.82373
2.6697
2.68379
2.65158
3.08951
3.12266
2.76298
2.86609
3.19135
2.85485
2.41584
2.92134
3.05291
2.95237
2.7864
2.57656
2.61963
2.77873
2.53543
2.8687
3.10498
2.68455
2.6778
2.36223
2.76154
2.98089
3.16266
3.20181
2.85741
2.99526
2.88187
3.02679
2.5922
2.56198
2.66956
3.05231
2.70058
2.91294
3.10689
2.87031
2.66289
2.93432
3.09264
3.05823
2.96504
3.02265
3.00011
2.67496
3.34837
2.86728
3.15516
2.84119
2.41044
2.60152
2.8576
2.80011
2.67554
2.8953
2.89388
2.7325
2.81099
2.72015
2.87352
2.52305
2.97038
2.76237
2.91516
2.81976
2.97736
3.207
3.20002
2.53756
3.29082
2.69518
3.07516
2.91713
3.2938
3.08416
3.03078
2.62547
3.06031
2.81777
3.09099
3.26628
2.81522
3.26406
2.7447
2.89498
2.62176
2.76179
3.45474
3.30499
2.98884
3.13758
3.17142
2.86653
3.06345
2.93159
3.27738
3.01426
2.83434
2.98264
2.89845
2.86136
3.11031
3.15953
3.24061
3.43127
3.14687
3.59691
3.28826
3.20741
3.13969
2.92219
3.33912
3.20151
3.10532
2.91063
2.84302
3.16792
2.71785
3.08958
3.09909
2.79742
3.05666
2.68249
2.8508
2.7834
2.83605
3.1392
2.92581
3.28214
3.04489
3.05425
2.70408
2.9086
2.88075
3.31813
2.7895
3.13899
3.19258
2.6593
2.96814
2.7543
2.83635
2.92114
3.08273
2.63975
3.24733
2.94673
2.92938
2.69888
2.99219
2.93608
3.41455
2.98909
3.56639
2.75271
3.44932
2.91157
2.7123
2.89346
3.05503
2.70275
3.23331
2.97098
2.9936
2.91239
3.07597
2.91372
2.91239
3.09677
3.59264
2.88784
2.89641
2.81917
2.95337
2.93303
3.05977
2.7077
2.80746
3.22008
2.75668
3.01274
2.93922
2.94245
2.90197
2.44859
3.15854
3.15035
3.0143
2.97113
2.87969
3.10851
2.83956
2.89386
2.51579
3.0576
2.51373
2.85326
2.77557
3.12299
3.26365
2.74856
2.91197
3.04501
2.42112
2.90618
3.22515
3.01492
3.02611
2.91469
3.06664
2.76117
2.88719
3.11366
3.23049
2.71237
3.12229
2.84405
2.91455
2.73944
2.80575
3.01587
3.13128
2.92546
2.98976
2.64405
3.2264
2.68412
2.62755
2.63407
3.03633
2.90917
3.35252
3.25882
3.26271
3.35446
2.92061
2.3291
2.5828
2.72256
2.91883
2.84126
3.12463
2.84353
2.97316
2.79212
2.70849
2.65247
2.74969
2.96861
2.92282
2.77358
2.88085
2.87239
2.79897
2.74776
3.21372
3.40578
2.73375
2.74596
3.14077
3.09127
2.86076
2.58779
2.84556
2.91929
2.94742
3.00909
2.93489
3.27551
3.16539
3.03981
2.78025
3.00169
3.43409
2.50032
3.29718
2.81316
3.50545
2.92964
3.04973
3.32602
2.54606
2.74042
3.17528
2.90761
2.57426
2.9902
3.04848
2.98169
2.84094
2.90252
2.97345
3.21136
3.11449
2.99308
3.14269
3.18651
3.35931
3.21156
2.99222
2.85893
3.20576
3.48371
3.108
2.68097
2.61855
2.45379
2.92983
2.91986
2.84954
2.65803
3.09547
2.98078
2.90807
2.44824
3.11651
3.00728
2.78281
2.7007
3.12483
3.47144
2.48474
3.05019
3.13229
3.11691
3.07927
2.77124
3.1197
2.90352
2.66571
3.1083
2.65574
2.80786
3.23348
2.82257
3.12339
2.96405
3.09421
2.86802
3.05551
2.54714
2.86583
2.92369
3.15922
2.80333
2.82591
3.00572
3.00082
2.8785
2.6255
3.08257
2.84072
3.12705
3.28618
3.35497
3.00596
3.2934
2.89241
3.01165
3.14669
2.75916
3.02885
3.2545
2.84135
2.58941
3.18164
2.35313
2.92742
2.9238
3.06301
2.71057
2.95825
2.90024
2.42045
3.38114
3.0376
2.7392
2.58999
2.81501
2.97196
2.85869
2.89729
3.27025
3.0361
2.89989
3.02007
3.17585
3.16564
2.63717
2.90337
2.70119
2.78487
3.41359
2.99072
3.11015
2.68904
2.92027
3.15488
3.23487
3.04181
3.02666
3.21525
3.13501
3.11501
2.52906
2.83487
3.06385
3.02251
3.25858
2.71493
2.861
3.38698
3.21531
2.67904
3.23391
3.30554
3.20556
3.28536
2.86165
2.91707
3.0238
2.95445
2.83147
2.78979
3.04233
2.61606
3.21623
2.81724
3.35716
2.82336
2.75623
2.92584
3.14115
2.72067
2.75016
2.55728
2.57804
3.03415
2.39472
2.60667
2.70163
2.68247
2.73116
2.7251
2.39644
3.02658
2.59842
2.95585
2.58312
2.68213
3.14912
2.76478
2.82449
2.86618
2.6617
2.96186
3.12034
3.08113
3.13555
3.08264
2.89062
2.64295
2.42459
2.69523
2.33273
2.93189
2.5967
3.0911
2.63776
3.30432
2.90917
3.14382
2.74536
2.73986
2.75222
3.13357
2.80821
2.7783
2.46014
3.28518
2.51494
2.47146
2.96247
2.58793
2.93158
2.46564
2.91006
2.51085
2.41209
2.97667
3.13656
2.98951
2.91562
3.04459
3.06037
3.4194
3.32925
3.36182
2.84325
3.26287
3.371
3.0864
2.95753
2.81408
2.76276
2.73957
3.04241
2.93596
3.59559
2.86483
3.19223
2.8297
3.16734
3.14258
2.59844
3.00447
2.53526
3.28874
3.08374
3.16546
3.24768
3.11306
2.91277
2.72202
3.2136
2.74753
3.52688
3.07013
3.11031
2.8912
3.08422
2.74992
2.83938
2.88337
2.94673
3.61811
3.31176
3.09309
3.40052
2.79365
2.66169
2.4775
2.93245
3.0358
3.02138
3.01164
2.99468
2.89516
2.74898
2.76816
3.09643
2.94108
3.13414
3.16358
2.87465
3.04018
3.13067
2.94317
2.72957
2.85249
3.05645
2.49929
2.23504
3.08861
3.4805
2.89183
3.00373
2.71749
2.89589
2.7481
2.68631
2.96866
2.91831
2.72883
3.09354
2.85266
2.95136
2.92959
2.73814
2.89258
2.89887
3.14563
3.12431
2.89464
3.08107
2.79385
2.74343
2.27562
3.08253
2.78469
2.95869
2.72562
2.9058
2.7746
2.77013
2.97742
2.76634
2.97199
2.60813
2.55331
2.73283
2.6627
2.90851
2.52457
3.18969
3.13173
2.92189
2.66338
2.93313
3.25862
2.85158
2.64318
2.9766
2.9685
2.89586
2.71319
2.50803
2.7853
2.80461
3.01426
2.86483
2.55808
3.12109
2.66053
2.69603
2.71636
2.79673
2.76862
2.94784
2.89646
2.81798
2.68533
2.82952
3.02583
2.89821
3.04233
2.7075
2.56045
2.91893
3.04619
3.11189
3.274
2.83811
2.59885
2.80334
2.63782
2.68624
2.85965
2.88772
2.90071
2.64585
2.26459
2.90213
2.27864
2.84518
2.73796
2.88171
2.71301
2.56534
3.03673
2.39188
2.9042
3.14295
2.9074
2.63063
2.81292
2.91142
3.03279
2.6142
2.58045
2.32077
2.62821
2.82167
2.94114
2.77547
2.97195
2.80052
3.13298
2.31887
2.60372
2.91752
2.49167
2.87398
2.92396
2.4146
2.68778
2.76173
2.63175
2.76568
2.58907
2.43642
3.37741
2.92799
2.91025
2.3739
2.85536
2.80636
2.67824
2.42943
2.61765
2.86947
2.83507
2.56875
2.77112
2.84043
2.20633
2.89038
2.66615
2.73177
2.5416
2.62394
2.73757
3.0689
2.78284
3.30959
3.31608
2.95552
3.16543
3.12047
3.10671
3.02745
2.94363
2.97016
2.83074
2.72189
3.27268
3.43173
3.40252
3.12632
2.8152
3.39464
3.03341
3.02181
3.00854
2.86358
3.27313
3.11332
2.98633
2.8219
2.96529
2.79343
2.99667
2.99357
2.6436
3.50229
2.74861
3.31914
2.98109
2.93049
3.15986
3.09112
2.54881
2.84968
3.037
3.33249
3.0375
2.86389
2.94335
2.99865
3.138
2.99328
3.11591
2.74709
2.79683
3.1855
3.28927
2.78054
3.42377
2.92022
3.67134
2.69341
3.03038
2.81989
2.8211
2.61811
2.80495
2.98591
3.2253
3.61175
2.99241
3.13194
2.69664
3.01083
3.10784
2.91829
3.04312
3.29866
2.7071
2.6391
3.3677
3.00563
2.78005
2.74353
3.08906
3.2097
2.7417
3.2856
2.73411
3.03188
3.40137
2.82208
3.32165
3.08509
3.23271
2.82031
3.43771
2.95097
2.99037
3.04146
2.50366
2.89011
3.26677
3.0215
2.89498
2.83749
3.05908
2.47716
2.67152
2.41777
2.87121
2.63359
2.97505
2.52023
3.11142
2.82027
3.12849
2.80794
2.63582
2.74911
3.0403
2.89252
3.05822
2.83603
3.04845
2.37185
2.91147
2.68627
2.8572
2.95062
2.46492
2.55217
2.58142
2.96154
2.81138
2.7723
3.09283
2.93022
3.1068
2.94465
3.41464
3.0034
2.66394
3.04357
2.77125
2.53909
2.80708
2.82798
3.10076
2.84533
2.53764
2.85107
2.72816
3.21062
2.96771
2.68364
2.54528
2.69408
2.86885
2.51112
2.77029
2.88695
2.90307
2.86343
3.2131
2.63529
2.79327
2.86831
3.19499
3.02473
3.23279
2.58672
2.92928
3.0414
2.88285
2.86421
3.14375
2.96085
3.00129
2.81464
2.482
3.0214
2.78696
2.6456
2.94788
3.1033
3.30261
2.939
3.12391
2.77435
2.97979
3.34076
2.76552
3.12096
3.26793
2.89908
2.55588
2.95283
2.9156
2.75363
2.79608
2.86022
2.61695
2.99588
2.95477
2.9725
2.75283
2.82415
3.00542
2.73724
2.49418
3.13617
2.76438
3.00321
3.10917
3.24386
3.20428
2.90477
2.92043
3.14543
3.07073
3.14954
3.04421
3.28901
2.34181
2.76836
2.81205
3.09538
3.34809
2.5641
3.24994
2.93232
2.97839
3.00101
2.98142
3.32753
3.3249
3.14066
3.16942
2.98486
3.17597
3.032
3.20539
3.09538
3.04329
3.05393
2.76011
3.02595
3.10351
2.65242
2.81042
3.0329
3.13633
2.87135
2.9381
3.00935
3.23937
3.18468
2.64612
3.13177
2.59034
2.87873
2.67747
2.40106
2.66308
2.78773
3.17071
2.86814
3.06684
2.90862
2.68919
2.69096
3.0044
2.85933
2.81609
3.03224
2.96935
2.72051
2.91446
2.89884
2.73508
2.30763
2.84989
3.03495
2.93958
3.42416
3.17541
2.90279
2.83804
2.37774
3.01132
2.99748
2.91208
2.62973
2.9152
3.32812
2.69176
2.60457
2.62043
2.62556
2.79655
2.75954
2.7682
2.86512
2.85809
2.90932
3.41507
2.93057
3.05566
2.71193
2.82791
2.72526
2.90738
3.20729
2.83064
3.10807
2.84246
3.1255
3.40167
2.59351
2.85513
2.94181
2.79116
2.87943
2.88092
2.46986
2.74768
2.83687
2.9115
3.06876
3.08393
3.36724
3.09487
3.39047
3.06753
3.10379
2.87016
2.77404
2.97034
2.30393
3.03975
3.03615
3.00017
3.02776
3.03856
3.04724
2.83803
2.87089
2.93064
2.96763
3.00109
2.87904
3.33128
2.90369
3.28219
2.99793
2.90328
2.98096
2.77713
3.19327
3.14916
3.02862
2.74431
3.0687
2.62823
3.04465
3.17586
2.86563
3.46402
3.14869
2.95965
3.26208
3.26524
2.87541
2.72589
3.05728
3.33955
2.74573
3.41931
2.96499
3.08977
3.00299
3.14672
3.25996
2.80664
3.05459
2.89611
2.93978
3.12604
3.19709
2.94096
2.69231
2.3934
3.18619
3.06113
3.01818
2.77892
3.23506
2.54109
3.18205
2.73269
2.81425
2.53152
2.80404
2.94629
2.85852
3.25645
2.841
2.83045
3.00576
2.94504
2.97434
3.15972
2.98601
2.95041
2.73941
2.66442
2.73297
2.89638
2.86427
3.04778
3.14964
2.8318
3.29772
2.96899
3.52513
2.71964
2.79859
3.11466
3.02303
2.99325
3.10707
2.93839
3.20965
2.8928
2.66223
2.65981
2.84871
3.11566
2.67179
2.76383
2.9073
2.77133
2.88382
2.7631
2.70426
2.69062
2.80562
3.22448
2.99207
3.42509
2.87652
2.92554
3.57593
3.18391
2.39666
3.02716
2.79949
2.8665
3.03169
2.94455
2.83245
2.94754
2.76425
2.43937
3.03646
3.11745
2.93143
3.35926
2.83028
3.19789
2.97299
2.65947
2.81315
3.03515
2.87197
3.20147
2.99421
2.83343
2.73571
3.03852
2.95284
3.12394
2.82668
2.82075
2.50039
2.97255
3.07632
2.71138
2.55299
2.69395
3.00679
3.20225
3.04872
2.61711
2.42049
2.95053
3.08994
2.59245
2.78352
2.71688
3.17428
2.52471
2.87289
2.7509
2.74625
2.77011
2.76169
3.20155
2.88698
3.09856
2.94879
3.01827
2.97763
2.88448
2.97324
2.92006
3.00263
2.68993
3.18025
3.00548
2.54139
2.66658
3.20139
2.56352
3.01828
2.37519
2.70282
2.94979
2.80037
2.49254
2.54738
2.91657
3.27988
2.71223
3.01113
2.8617
2.57295
2.87247
3.06498
2.49949
2.78911
2.74055
2.62671
2.91436
3.10239
2.65982
2.46396
2.71598
3.10358
2.85425
2.63872
3.08299
3.208
2.91712
2.75164
2.52542
3.093
2.83327
2.91974
2.48397
2.97229
2.92045
2.66724
3.1259
2.49756
2.54212
2.84969
2.83357
3.01297
2.53565
2.84216
2.9189
2.54376
3.01763
2.91315
3.0962
2.66691
2.84525
2.64688
2.7959
2.71651
2.60317
2.37492
2.79787
2.96532
2.34538
2.52629
2.92886
2.42936
3.0244
2.62113
2.71693
3.2295
3.21901
3.04976
2.31666
2.72301
2.6557
3.15734
2.77867
2.59053
3.12247
2.87776
2.45431
2.70312
2.75201
2.62913
2.51312
2.71186
2.95995
2.72899
2.21949
2.75371
2.90263
2.78827
2.67539
2.42883
2.86213
2.73462
2.97759
2.62499
2.61931
2.5577
2.96751
3.01162
2.70078
2.81039
3.02261
2.42125
2.79454
2.83421
2.71018
3.05209
2.8011
2.95774
2.82448
2.914
2.59118
2.66584
2.9966
2.74741
2.79949
2.80799
3.00084
2.57623
2.50478
2.72066
3.08351
2.56221
2.47698
2.63811
2.41762
2.56506
3.63393
2.78118
3.16571
3.0688
3.03393
2.85735
2.98519
3.21889
2.90892
3.26177
2.90344
3.08218
3.38782
3.1812
2.92627
3.21555
3.48899
3.18709
2.95655
2.61221
3.50428
3.15816
2.98546
3.18343
2.45945
2.9882
2.87111
3.06417
3.07607
3.27427
3.25743
3.18982
2.74989
3.20224
2.92195
2.75231
3.20705
3.04311
2.82557
3.47508
2.43815
3.57625
3.35591
3.54089
3.38655
3.01599
3.04377
2.88308
3.2498
2.76045
2.98009
3.00879
2.69628
3.18103
3.08451
2.93833
3.18432
3.59104
3.34551
3.2855
3.06674
3.20077
3.30638
3.14138
3.02444
3.25897
3.48094
2.85493
2.94584
3.00953
2.53476
3.01336
3.09294
2.95308
2.79403
3.16248
3.27953
3.20691
2.94536
2.93842
2.95672
2.81073
3.15067
3.32507
2.6652
2.94914
3.06413
3.48945
2.83816
2.93289
3.2165
3.33443
2.40701
3.27824
2.75097
3.30297
3.23241
2.96409
3.00512
2.84129
2.67044
2.75226
3.41044
3.03406
2.85525
3.31523
2.78268
2.58836
2.84302
2.72383
3.01773
2.69069
2.91803
3.12023
3.19485
2.92971
3.32976
3.0312
2.92277
2.98231
3.1632
2.99192
2.68447
2.8714
3.1527
2.73498
3.36098
3.30997
2.81589
2.69337
3.14479
3.07897
3.29957
3.01934
2.94461
2.9326
3.01463
3.08373
3.27937
3.20189
3.02055
2.98242
2.99775
2.52905
3.24846
2.83134
2.88557
2.91429
3.07175
2.93395
3.06478
2.85075
2.33192
2.85236
3.03267
2.8538
2.47542
3.142
2.9792
2.77821
2.93573
2.90203
3.0526
2.71007
2.92275
2.63032
2.80109
2.62391
2.75139
2.9091
2.89647
3.1276
2.68719
2.90517
3.2989
2.67804
2.99428
2.5478
2.83956
2.951
2.56221
3.20156
3.03905
3.03037
2.83674
3.31026
3.11164
2.83281
3.17687
3.31521
2.52084
2.96213
3.20824
2.77081
2.80107
3.40395
3.03072
3.11051
3.39228
3.05905
3.42186
2.89432
2.68083
3.2072
3.14681
3.35998
2.90033
2.85614
3.43886
3.15552
3.06337
2.63646
2.71613
3.1679
2.65241
2.80915
3.23369
2.98003
2.7788
2.49113
2.8008
2.81395
3.11137
2.74493
3.27142
3.15916
3.296
2.68524
3.0717
3.16259
2.86931
3.1264
3.19671
3.12139
3.05695
3.16371
3.16
2.99821
2.56671
3.10103
3.09617
2.67692
2.8993
2.92619
2.70927
2.76837
2.92299
3.03662
2.63707
2.887
3.06512
3.02071
2.92574
2.54033
2.9512
2.5773
3.03098
2.88082
2.94278
2.96351
2.90728
2.98467
2.70963
3.01146
2.90823
2.8936
2.85296
3.10914
2.87857
2.51319
3.02115
3.01175
3.04746
2.51112
2.81509
2.89903
2.50332
2.6084
2.96213
2.54036
2.92678
2.70942
3.08116
2.83044
2.50548
3.09989
2.98535
3.0334
2.70949
3.03708
2.69041
2.8589
2.88578
2.77059
3.1054
3.09504
3.02316
2.80131
3.06398
2.97165
2.84851
3.01151
2.52374
3.09101
2.83922
2.88642
2.77479
2.63259
2.79982
2.42681
3.10804
2.80405
2.87424
3.03899
2.88638
3.40208
2.71802
3.02025
2.65958
3.2155
3.13144
2.96968
3.05287
3.17758
3.48399
3.13941
3.13074
2.47775
3.02775
2.83635
2.87705
2.95784
2.94058
3.08696
2.79725
2.90956
2.94628
2.78331
2.67329
2.84555
3.14873
2.81765
2.90265
2.49311
3.04365
3.03031
2.76482
2.76445
2.60307
2.69485
2.98054
3.07274
2.78557
2.8668
2.8694
2.93687
3.32566
2.71371
2.69366
2.83515
2.39954
2.39671
3.19207
3.09776
2.88404
3.23338
2.80649
2.60867
2.55688
2.74784
3.09695
2.87203
2.99685
2.99493
3.24738
2.85708
2.74645
2.83023
2.97505
3.25099
3.16278
2.98561
2.83504
3.04148
3.08677
2.46729
3.16104
2.98438
3.02448
2.95488
2.83998
3.23425
3.07992
2.90836
2.6546
2.50419
3.19661
2.67193
2.86514
3.019
2.92969
2.70995
2.66096
2.90497
2.8527
2.67393
2.51202
2.88062
3.26084
2.94746
3.34486
3.12335
2.90901
2.59705
2.80964
2.69214
3.00427
2.97967
3.21897
2.94232
2.89343
2.84634
2.66462
2.95657
2.77382
2.87058
2.64507
2.72536
2.96082
2.67967
3.03807
2.96733
2.9802
3.17373
3.16227
3.16219
3.11561
2.86225
2.61296
2.79838
2.83562
2.77784
2.71863
2.4276
2.94273
2.53629
2.40789
2.80805
2.69429
3.1978
2.80053
3.08413
2.85308
2.67972
2.78683
2.71586
2.89385
2.95425
2.83043
3.24188
2.74273
3.3144
2.92003
2.5064
2.47752
2.81212
2.56257
2.59994
2.71101
3.1342
2.75585
2.56147
2.77522
2.96131
3.00253
2.50139
2.8182
3.02835
2.79768
2.97273
2.84181
2.66961
2.4591
2.96741
3.03779
2.98726
3.0938
2.76794
2.70468
2.8579
2.65203
2.42039
3.2135
3.09094
2.78191
2.68699
2.54566
2.69333
2.65252
2.7798
2.60447
2.61788
2.62886
2.58385
2.81203
2.96344
3.13455
2.98676
3.06481
3.40014
3.07092
2.53162
2.6821
2.94306
2.7144
3.09202
3.40509
3.28344
2.86339
2.95586
2.60444
2.65477
2.70532
2.81935
2.65743
2.79725
2.53143
2.88818
3.35025
2.9968
2.7298
3.01182
2.91811
2.94007
3.1369
2.8625
2.61653
3.21559
3.38811
3.34205
2.90694
2.66748
2.86709
2.67364
2.95958
3.08371
3.03962
3.01015
2.99673
3.11798
2.85111
3.34865
3.07429
3.20547
3.15203
2.84005
2.71502
2.55965
3.39726
3.00258
2.52353
2.91609
2.58956
2.55999
2.87022
2.6785
2.7995
2.58777
2.76498
2.98104
3.0347
3.29056
3.82406
2.9903
3.04789
2.9163
3.28073
2.8752
3.35318
3.6071
3.15251
3.11243
2.99152
2.90221
3.29794
2.78008
3.08196
3.03855
3.36756
2.97023
3.03573
3.35661
2.97559
3.09997
2.76013
2.75249
2.67404
3.07628
3.42843
3.20215
2.89381
2.74682
2.67094
3.11024
2.70376
2.91776
3.00051
3.39231
2.63945
3.0645
3.20767
3.1535
3.24086
2.95118
2.57944
3.14715
3.34977
3.17804
2.96936
2.9102
2.60594
2.87643
2.71663
3.57867
3.17453
3.35406
2.82957
2.84664
3.137
3.21774
3.11502
2.87699
2.99991
3.30035
2.72443
2.87898
2.8661
2.86388
2.84575
2.88463
3.17
3.02371
2.79458
3.40004
2.87308
3.00398
2.77631
2.89579
2.96662
3.46468
2.82894
3.04023
2.73597
2.62117
2.88187
3.04506
2.70973
2.86148
2.7902
2.88832
2.7557
2.85883
2.94021
3.07924
3.10488
2.99793
2.89851
2.85889
3.02198
2.79744
2.97309
3.02697
3.20028
2.71631
2.86326
2.55252
2.555
2.72119
3.05033
3.22956
3.08107
2.61983
2.37386
3.1231
2.75405
2.90814
2.93543
3.16529
2.60416
2.58023
3.07037
3.04399
2.83267
2.82413
3.03782
2.42959
2.74578
2.73717
2.92764
2.87198
2.71286
3.03592
3.00999
3.16612
2.51184
2.76277
2.76857
2.50408
2.58591
2.49607
3.15108
2.83625
2.56959
2.49554
3.09888
3.07451
2.48609
2.92189
2.60847
3.51637
2.75556
3.06825
3.03368
3.11111
3.11873
2.97448
3.10801
2.81511
3.0311
3.22433
3.43586
2.85299
2.96581
2.78843
3.08728
2.40912
2.99524
2.64186
3.13989
2.62816
2.91785
2.55308
2.52712
2.82011
2.83374
2.72545
3.47003
2.6373
2.74424
2.89837
2.80711
2.64029
2.59339
2.82647
2.84399
2.83047
2.52333
2.95441
2.65239
2.66633
2.49563
2.70232
2.47199
2.995
2.30337
3.0368
3.13894
2.89681
3.03913
3.26144
2.90026
2.9697
2.8913
2.6523
2.52925
3.07378
2.99494
2.67754
3.00601
2.66831
